13323 3526 2
12412 8570 3
2426 12975 3
4420 4703 3
13709 11461 5
6171 7963 0
3752 12058 5
4600 10292 3
11439 4074 0
10479 3308 6
3874 10050 3
2544 7301 2
7477 5763 2
8093 8186 2
1183 10912 5
9666 2388 2
11766 6374 2
9566 1745 3
6260 7941 0
10548 12323 2
9062 2777 2
6294 8177 3
13770 13472 5
1592 7949 2
13280 2669 2
2040 13569 3
3908 5412 2
6951 6846 2
11883 13691 3
3351 13613 2
11743 13567 3
6972 12489 3
11416 386 2
12088 12893 2
2152 8994 2
11007 3445 3
7147 8252 0
12089 5419 3
2750 6354 3
704 13905 4
10729 10826 2
9827 9677 3
8133 9209 3
4064 3706 3
12919 11806 5
1878 10351 2
2041 71 0
2116 5595 3
1828 10839 2
13136 7663 3
7158 1203 0
4165 4818 2
3900 11915 0
920 2690 2
6538 9830 3
8365 7281 2
13182 10378 2
11016 12643 2
11697 7774 3
7289 11753 2
9927 12215 2
2420 6542 3
8243 9478 3
6428 4124 0
1560 5292 2
8776 7103 3
10956 9788 3
8847 11219 2
9682 10431 2
1721 3801 0
1244 11384 3
8147 7982 3
13892 1292 5
1419 13247 2
5164 11130 2
9059 6370 2
11921 5069 3
98 6580 2
12248 8957 3
7259 9069 3
4735 11044 3
5093 11769 2
11754 709 1
974 1409 3
2132 8906 2
5294 1683 2
12831 1504 2
4725 2465 2
221 7929 2
304 13557 4
10773 7450 2
3630 874 2
3380 7512 2
7951 2735 6
4714 1573 2
3172 6604 2
5044 12898 3
8031 4262 3
7555 10779 0
5568 12458 2
1184 4087 3
625 2785 4
9513 4615 2
3674 9463 3
9764 506 3
11281 10251 3
8437 3096 3
6181 10111 6
7202 4697 2
4822 1599 2
417 10413 2
8478 9375 2
3101 6685 3
12938 8633 5
2141 10578 2
4186 2594 3
1315 12457 3
813 11678 1
9466 6583 2
5887 4215 3
12777 2883 2
11024 9689 5
9991 10121 0
13733 12279 2
4604 2949 2
8540 3454 2
4944 1004 2
4213 8887 1
7194 1479 5
5894 5333 3
3237 1622 3
2790 13311 3
10257 4698 3
192 13207 2
10151 13624 2
9206 3469 2
2247 9681 3
4513 6 3
13654 2916 5
4336 1472 3
254 3836 0
5485 11841 6
4661 1198 2
10222 11187 3
7566 4208 2
7458 1763 2
653 5168 3
7448 8746 0
11298 3569 2
7591 6552 2
7496 12464 2
11153 12100 3
12615 1952 6
10404 12510 7
9997 5329 2
8674 8345 2
7046 1260 2
1113 6533 3
2110 3087 3
13243 7716 2
5514 3456 3
7720 5321 3
6741 9721 2
11948 188 3
8881 1377 2
11408 12546 3
955 4417 3
13935 7765 0
7713 9211 2
13932 5192 4
12860 6850 2
7059 12969 2
9188 7484 3
5276 1278 2
8332 12837 2
5508 12592 3
1831 6535 3
9733 8079 3
7380 6679 3
8951 3068 0
10964 13007 5
4743 9030 0
4642 9490 3
7499 13921 3
5389 12001 2
11965 6987 2
7659 10523 3
12699 3790 2
10090 4461 2
11854 8662 3
6490 5847 3
11238 7514 3
4705 2160 2
9765 12921 3
258 11745 5
2188 2813 2
11366 2975 4
12151 7 3
12204 3541 3
283 10425 4
3310 2632 3
5625 7386 0
4780 3684 2
11292 4200 2
5240 1659 2
11244 12325 7
2313 3050 2
793 6551 5
802 13438 2
4073 2483 3
10635 12635 3
1925 8763 2
5709 7152 2
5895 8520 0
12033 13941 7
9361 12794 4
9408 6933 4
5842 8798 3
3906 5691 3
7656 10581 5
2753 8073 7
12119 7326 2
3154 5712 3
13378 5791 2
5663 10076 3
13285 2410 2
1814 13510 2
12568 4759 2
4232 9162 2
6866 6879 3
4426 6537 4
8826 2231 2
9694 13808 3
11229 5265 2
10382 5507 2
11984 4231 3
3159 10682 3
1189 10774 6
11818 12399 2
2169 12618 2
7028 56 3
9592 3759 2
12301 2349 3
11811 8460 2
34 8889 3
3322 13716 3
5983 4351 2
12335 903 5
997 5679 3
12727 6960 3
7311 10002 2
2269 10124 0
210 3496 2
6620 11214 2
10143 10340 2
13222 13962 2
2670 7302 0
237 8486 3
976 1518 5
9816 9291 2
9847 11117 2
5100 3486 2
181 4287 0
13017 13456 5
13082 13664 0
3471 4810 2
4972 9222 3
8468 944 3
9598 3585 3
1145 8423 1
12558 8626 2
1376 12054 2
12676 5239 0
13097 1784 3
7717 12170 4
12197 9988 3
5796 121 3
7670 12222 0
10056 10456 3
11876 8551 2
7811 2119 1
12092 4086 2
11342 775 3
6379 4036 2
10444 3739 3
8384 9357 2
12769 6232 1
3142 13673 2
12497 11067 2
13751 647 3
636 5095 7
13249 10661 3
5358 12394 0
10155 2738 6
8191 4222 2
2101 3093 2
9657 12733 3
3741 12916 2
8104 10593 7
8473 13359 3
5001 3620 0
2224 5132 3
4946 3859 3
6870 3368 3
11730 5837 4
7007 3422 0
10169 5941 2
6625 10099 2
13029 103 3
981 2965 3
8403 13883 7
7236 6830 2
7447 4440 3
8538 11259 3
4612 10568 3
9199 11257 2
11833 9086 5
10963 7854 2
13821 3501 3
12961 10467 7
2546 5274 2
10112 800 2
2373 13096 2
12896 879 3
11251 10640 5
4669 1791 4
2650 11042 3
9709 9012 4
8038 8666 3
8348 256 0
8385 199 2
5793 2475 2
4188 3066 3
13288 7948 3
13232 3381 0
8018 12659 4
4804 8996 3
100 8802 2
1779 12417 3
3411 10592 0
2377 12265 3
3518 5411 3
7780 1232 3
4593 7332 1
2824 7829 2
6432 11885 0
11504 6563 5
1104 3578 3
9384 3520 3
7976 1072 2
4908 5018 2
11906 4770 0
2666 11974 3
8493 6885 0
7294 12324 1
8192 3423 3
1167 6902 3
10569 10101 5
11388 12296 5
9724 13339 0
8284 994 3
2098 5361 2
5235 2819 0
341 1224 3
9080 10612 0
11998 629 2
9790 2457 6
3669 4935 5
9734 5774 2
4512 1752 2
12271 2524 2
7270 2374 2
7691 6439 3
1022 3551 3
6281 8309 2
2226 7288 6
5586 10473 3
10335 11810 2
10778 10649 2
4063 13425 2
13612 3854 2
12904 10315 5
6029 5906 5
9916 5243 0
10071 10329 2
13219 10550 2
6677 454 0
13882 6671 2
2589 12353 4
5773 11002 3
9238 13058 2
10946 3296 3
1555 4655 3
4079 3708 2
13706 7558 7
6198 9136 2
5019 9519 2
4076 9081 3
12216 1990 2
1668 13986 2
5665 13695 3
6636 5853 2
3838 3850 5
3607 12983 4
3725 246 3
11440 9667 2
8334 2038 2
2877 5951 3
222 10600 4
13952 11196 2
5110 6648 3
7467 575 2
8909 42 3
4053 5087 2
11471 3831 3
6641 9152 6
2184 2389 2
5320 5367 2
7832 13369 2
5052 9360 0
1786 4706 0
12039 5177 2
294 3167 4
4808 9448 3
1583 5267 2
11486 6937 2
1454 8099 3
9234 13465 0
6949 3606 2
3649 611 3
12283 185 3
6837 7269 2
4358 1851 3
9901 7501 0
2861 7198 2
11430 7244 2
3919 12295 3
13594 8336 3
3135 8271 2
1803 2148 2
5907 398 2
13215 10703 3
11823 2411 5
8816 494 3
10418 10763 6
8573 8106 2
8717 2548 2
5759 5736 3
5059 6261 2
1686 9488 6
11954 2943 6
9122 3099 7
11095 13976 2
7846 5136 5
8819 10035 2
9499 700 3
8898 1866 3
13133 4422 3
3420 3565 2
1109 122 2
11726 8231 3
11174 3113 3
6920 1997 2
201 9803 1
3559 1748 2
1441 8961 3
5323 527 2
3166 8155 5
4483 5330 2
1371 7946 3
9845 6675 3
9658 332 2
3371 3767 3
5103 914 7
6274 12624 2
6030 11008 2
5191 12531 2
11218 11038 7
107 3158 3
2357 483 3
2651 13907 3
3385 12600 2
9251 5925 5
8294 12101 2
2556 5577 2
4019 13758 5
6841 2597 3
1460 2307 0
7647 4915 2
12483 7275 0
2345 1845 3
13435 7401 0
8213 4720 2
571 4522 2
9758 6758 2
13914 6510 3
3605 5310 2
8513 8896 3
6130 12020 3
1692 13836 5
3880 7358 2
11652 9842 2
852 11506 2
8644 2308 0
8832 2162 2
7571 10017 2
4096 11385 0
4174 7590 2
13191 3705 2
6368 7956 3
3245 3409 2
6020 9639 3
9382 6293 0
6035 1172 1
4919 3864 7
11420 2985 3
10960 9992 3
6026 12374 2
5221 2446 0
6605 4149 3
5696 8097 3
7466 13897 2
13853 4308 2
3162 2042 3
2634 10400 0
2970 13452 2
9864 11996 2
11622 13164 3
1532 6614 0
4777 11759 7
8171 4357 2
16 1151 2
11317 5945 3
430 12207 5
5480 8602 3
722 1119 3
2505 12870 2
5232 13193 2
1363 9120 3
893 244 2
12308 7545 2
3750 4263 7
10785 7018 3
4415 12853 2
9650 2492 2
4689 4462 0
4760 635 2
5616 11329 6
8113 8895 2
7258 5328 0
2835 2513 0
7930 13610 2
9597 10165 2
11369 2712 7
570 1913 0
10970 5476 3
12947 5254 2
11764 4414 3
5571 11825 2
9855 2413 2
783 8811 2
13927 5593 2
12450 11207 5
2674 320 2
8675 706 3
5992 2937 1
9042 393 2
3431 2532 3
3813 11070 3
8485 3751 2
13317 6903 3
9729 1012 6
9083 7510 5
7014 465 3
11819 11993 2
8986 2168 2
5551 6472 0
3370 5122 2
1310 13320 0
4098 13112 3
9547 4939 2
9659 2661 2
6886 5049 2
3265 9087 2
8912 3072 2
5652 6731 2
5404 11116 2
6863 10119 3
10148 1699 2
5782 6877 3
11499 6235 0
5474 1238 2
13597 7442 3
11910 2579 6
5580 6505 2
3634 12425 3
13831 4807 4
3390 2832 3
1415 6017 2
7907 10465 3
2295 1920 2
9220 10704 2
8253 9534 3
481 1844 2
4876 9614 2
5270 216 0
322 3871 2
2660 1889 2
11354 1282 2
4182 4219 3
7440 8467 3
2605 163 2
10483 2566 3
9891 1436 3
10471 7085 3
13118 12254 3
6307 1485 2
8436 1980 2
9181 11294 2
13498 13589 3
4292 3490 3
10935 12245 5
4527 6349 0
326 12654 3
4475 5878 2
9537 13447 3
1493 6195 3
9135 5881 5
7474 12851 2
6478 12320 2
3591 3347 2
1711 12385 3
5099 4253 2
1537 11840 5
12541 6966 3
3449 11066 3
3887 617 2
1551 9187 2
4906 7981 2
9367 666 6
2543 1821 5
11200 3161 0
6344 3290 5
11205 1756 3
4007 13265 3
4923 9805 3
1496 4090 6
11173 9725 2
7392 13906 2
9252 6601 3
7051 6992 5
12742 7123 5
9323 13823 2
6808 11642 3
2268 5861 2
6210 4026 2
9867 11962 3
11783 5193 3
12662 4579 2
7580 1080 0
4294 434 4
3714 12538 2
13866 8849 3
4157 190 7
9348 8767 3
12133 12811 3
11098 12500 3
6540 11771 3
12363 3031 2
5489 339 2
5006 4957 3
8463 10814 2
1669 3756 2
13526 8595 3
11434 4398 3
11905 2688 2
10520 1778 2
871 10080 2
2856 11868 5
10309 2273 2
2733 11541 3
8324 3126 0
11076 5408 7
12224 11012 2
4734 5026 3
2694 8236 3
12669 12684 5
12276 306 1
11887 10557 5
4958 6578 7
7129 9207 2
3956 2635 3
4534 13217 3
5650 7662 1
7978 3458 5
12926 9511 5
8048 3274 3
13588 9424 3
12498 6527 2
4716 8100 4
4080 7290 3
1256 6095 2
11773 513 3
13803 11594 2
5494 5918 3
9469 13330 5
257 3223 5
420 11554 3
7579 2287 7
3696 3521 1
2808 10018 2
7516 11085 2
11359 11931 3
9387 8683 5
11260 10625 5
11551 13747 2
2437 9195 3
5802 8189 2
9352 3304 3
5570 858 2
12594 313 0
3032 2048 7
1959 3628 2
6192 409 3
10259 7078 5
11189 13173 0
9244 2401 3
6080 13928 2
9783 13062 0
2685 10063 3
3251 12390 1
9026 4246 0
2845 4322 0
10100 2025 7
9164 9611 2
3774 1648 1
1134 6423 3
6735 6610 1
13138 9960 3
115 11001 2
2299 2730 3
6858 6645 3
10178 9634 2
6652 3219 1
8233 8074 2
3485 7394 0
10424 11832 3
13517 2516 3
3823 10662 2
2232 11064 3
406 12959 3
6398 6066 3
13348 3811 2
12505 9190 3
9802 1521 2
13824 5651 2
10854 8988 3
8250 6145 3
6021 13413 3
8258 661 0
8488 12091 2
5592 2725 2
11247 11602 2
7638 7092 3
13433 2361 2
11365 12875 2
9192 4260 2
12198 7719 0
327 13542 3
11690 4181 2
5740 12709 5
3418 6958 2
3745 5613 4
6183 67 2
2449 7041 2
2745 3041 5
10216 1340 5
7597 12128 3
10765 9999 0
8218 10461 3
5441 4948 2
1769 9157 3
8054 6579 3
6838 4831 1
9701 8036 0
2091 6504 2
5888 4290 0
13684 11523 3
9115 8343 7
13316 4349 2
8047 4552 3
12796 1867 1
558 11176 4
8072 7915 3
7665 8716 2
2343 12932 3
10022 6319 0
12749 10144 0
743 3552 2
4235 13504 3
13543 2554 2
7032 3459 5
4433 7451 0
12571 11935 3
3853 12514 0
8169 8245 3
3287 648 2
6176 12778 4
5209 7124 0
2171 4693 2
13354 2658 2
8063 3947 2
2499 4350 1
13081 4396 2
7339 3030 2
7425 5317 2
5338 701 2
10809 1414 0
11978 9854 3
458 7942 2
3367 3170 2
8749 13020 2
8640 7863 2
4458 5799 0
12667 3059 3
5438 13859 2
8378 2069 2
7793 6719 3
5493 5477 2
1637 459 3
9953 5413 2
12496 10244 3
11566 10737 3
1130 3617 3
13683 8472 4
235 7174 2
1530 2582 3
6668 10141 2
9708 582 2
171 7798 2
9683 5867 0
8591 1571 3
1520 855 2
11018 12465 3
13025 818 2
18 10239 2
3186 13248 2
12102 7807 2
3129 5561 4
13198 1904 3
5965 931 3
3967 4784 2
13179 11179 2
1674 10501 1
13978 6680 5
6497 2693 3
8677 5371 2
1402 588 1
10530 12304 2
11249 6916 2
2135 5646 5
12233 9799 2
4161 3571 2
13053 8440 3
11679 7722 5
3231 11305 0
5875 2010 2
7246 1776 4
9074 11660 3
13276 10248 3
11598 7214 1
12537 3788 2
7925 8301 2
939 1810 3
10318 12273 4
10172 240 3
6337 10332 0
6603 12291 7
9260 13889 2
5101 8209 2
5369 11323 2
8183 13948 2
5213 2764 3
5318 2696 2
10316 6180 6
12713 2390 3
5812 4983 2
2219 10948 0
12468 10131 6
4010 9822 3
12167 10812 3
13636 5854 3
9261 2068 2
5199 10422 2
3616 3213 3
4168 8790 2
10267 6387 2
13212 3676 3
6118 231 2
4586 10562 2
11355 5572 0
10937 2452 2
6767 10791 5
7196 3004 3
9818 2277 3
12126 2717 3
6348 10013 7
4320 11547 2
11227 493 3
1501 12428 2
4549 263 3
12899 11581 2
11114 10000 2
10305 7552 2
3539 7837 7
22 1942 2
8851 6928 3
3249 5167 3
3395 7144 3
7952 2914 6
8484 7972 2
1527 8533 3
3832 12503 2
10125 12168 2
746 13237 0
13458 12322 3
2653 1680 5
5084 11731 2
13239 3577 6
6194 10415 3
753 9036 3
1225 1652 3
9801 3966 5
13181 3583 1
9560 1875 3
8632 504 3
4775 809 2
5765 11626 3
13614 5753 2
5040 3081 3
8962 8699 2
5271 1550 2
6155 3331 3
6797 1387 2
12655 4591 3
7708 4304 4
5225 2238 3
8342 2 3
12477 12911 3
8149 2085 6
12318 6513 2
7932 9860 0
5461 6481 3
7594 1420 2
3898 8314 2
10074 1171 3
321 8045 2
13812 8292 2
13999 10132 5
923 2222 2
5942 259 2
3960 2057 2
11880 2708 3
2384 7816 2
12332 2109 2
2134 7416 3
3008 11930 3
128 12146 2
9024 1390 3
13867 1795 3
12799 1422 2
3779 8908 2
11150 7587 2
1212 2078 3
11860 5804 3
10177 9329 2
3992 3417 6
11056 13279 2
3352 10587 3
7256 13997 3
2667 10692 5
8396 12813 3
4583 602 7
11947 5919 3
11474 2956 6
3430 6978 2
194 11478 3
3191 8813 2
9338 2551 5
11061 11945 2
11057 3324 7
3600 13234 3
11692 8247 0
11989 5643 3
5218 8976 3
637 10347 2
3384 4457 7
6031 6649 0
7037 13192 2
11195 4892 2
11787 8251 5
5020 1165 2
6727 11636 2
5827 6169 2
3983 328 2
13556 11277 2
3699 5656 1
1526 13633 5
4316 8882 2
11426 9956 3
556 6346 2
4092 319 6
778 2993 5
5430 1037 3
999 4196 3
11816 8876 2
8 8880 2
12821 1840 5
8013 353 6
6804 7250 2
10924 4757 3
4524 9393 2
3734 2266 7
12093 1314 1
13957 4659 5
9878 6571 0
5291 12381 3
5548 6814 3
8837 8744 2
3795 8318 0
6106 5670 2
866 9781 2
5681 13236 4
8719 11797 3
350 7322 2
12217 5275 2
9918 10766 3
3835 4224 2
3102 1915 3
1317 12695 3
7439 9461 3
1661 13537 2
5936 6390 0
11228 1246 2
13784 8621 2
11273 13979 7
9233 4619 0
2872 8123 3
5928 7746 3
13201 7595 2
81 6667 0
11715 8841 3
4160 961 2
10841 5380 2
5409 9121 7
11966 8960 2
6967 8317 2
11961 8407 2
11125 9773 2
12758 2600 7
4295 7045 5
11963 7475 3
738 9687 3
6075 2609 2
8861 5185 1
9396 2296 3
9179 13262 1
9503 2314 2
2898 5690 2
5640 6964 2
1556 10567 3
5872 1115 2
11261 4318 3
11725 13001 3
2740 2568 2
8408 7779 2
7892 5331 3
967 3749 2
9495 822 5
13318 1408 2
10130 1999 3
11145 11658 2
4945 953 3
503 12016 3
3340 7634 2
10551 4795 5
11742 2756 5
13503 13257 2
2784 8834 2
8827 12407 2
11154 8622 3
2191 7333 3
482 13228 3
1462 1075 2
2806 10498 2
2896 8672 2
6911 6670 3
2056 9470 2
623 9835 2
8775 5234 3
13878 11557 2
1490 4236 3
10462 12264 3
6064 8552 2
2193 7102 2
6024 5500 2
726 5624 2
9310 6429 3
8943 265 6
5433 10650 2
8497 1029 2
3373 2873 2
7310 10831 0
4386 8457 2
309 824 3
9685 8915 2
9275 7429 0
7866 3177 2
8532 5800 3
1586 3383 5
4067 3697 0
2698 5312 2
11284 1118 2
655 10795 2
7861 10859 2
9787 10733 2
10894 9405 3
9043 9557 3
9743 9123 2
10868 12956 7
13518 8830 3
7471 3307 3
11820 7050 4
2324 9563 3
11943 13305 3
8864 4162 0
12946 9451 3
3320 2185 2
1660 8346 0
12108 457 3
4048 5390 2
2144 9705 6
1562 5578 2
3035 63 3
7305 10606 2
12355 223 5
5844 10362 2
2815 11720 2
7629 2196 3
7565 9316 5
12362 10721 2
4626 13159 2
5986 13743 7
8855 13532 2
11404 13338 2
2322 1906 2
2155 1177 2
13609 11300 2
3693 10369 5
10572 7751 3
13922 1936 2
3058 5245 3
5434 11939 7
878 11758 3
449 12162 3
9792 1213 3
5030 10880 3
10359 3901 2
7057 10519 5
1541 7371 2
9684 4486 2
7880 1834 2
7314 395 4
4872 11779 3
2955 8380 2
311 9585 3
901 7649 2
13771 242 7
7335 1430 3
12071 13149 2
4880 8990 5
7486 13524 3
6217 1604 2
7645 1077 7
3761 4342 2
11657 9807 0
1838 1146 3
13888 4667 3
3229 3560 3
3661 12565 5
9113 470 2
1764 4261 2
3826 4974 3
6617 1505 6
5326 11433 2
6122 5959 3
960 5325 2
8207 751 2
2082 9931 0
13901 4254 2
13874 5510 2
2852 12589 3
13402 9 2
8980 10768 2
5016 11837 3
13602 896 3
8546 2787 0
3112 13658 7
13380 4638 1
3513 4889 3
5555 12166 2
10575 12553 3
912 1098 3
5343 8797 5
5868 10197 0
13701 11681 2
4113 9256 2
10818 2112 3
12753 6640 3
2139 7737 2
11628 5387 3
13238 9975 2
1254 12312 1
13731 3044 3
1362 4234 3
43 8373 2
12435 12454 2
7348 4046 2
5128 11949 2
4550 4116 2
1503 4277 3
4347 1862 7
3703 170 2
6121 6637 2
6910 6380 2
8456 4514 2
11266 11856 5
5940 6693 2
422 7168 3
6746 4133 2
12563 3434 2
1209 4526 3
3866 11263 5
8700 5119 5
13117 4447 0
13775 9892 5
7094 926 7
13802 5687 3
10020 3139 3
13583 3203 3
3028 3000 2
6297 6971 3
11304 8868 0
5165 3498 0
11271 9564 3
619 2071 2
11072 1021 2
13953 13502 3
11453 11986 2
4607 821 3
12985 8417 1
4752 7465 2
7653 9552 2
4674 779 2
7417 4388 3
13489 844 7
11054 4924 2
2638 3369 2
13929 2111 2
6942 7069 3
1239 5589 1
10358 4054 3
7133 6897 5
11115 6929 3
1405 399 4
3932 4873 1
11075 10445 5
2376 2294 0
13893 10120 1
4198 5858 2
7777 1580 5
10402 36 2
6703 13363 3
12446 7680 3
9942 12586 3
8959 2212 7
6725 12213 3
831 11112 3
3574 8527 6
7926 4502 2
6446 964 2
5105 6110 2
4288 8239 3
2820 7543 2
2657 2542 5
13027 11029 3
1347 6057 2
12865 13828 3
9753 8088 2
8085 2622 0
13104 4828 2
13942 12294 3
11515 7562 3
8948 10941 2
12141 7964 2
6779 8764 3
13794 1296 4
2150 5985 3
8424 6783 2
4518 11817 3
4845 5300 0
105 491 7
11509 4961 6
3907 9480 3
1694 10655 0
1270 10193 5
6788 13912 2
668 13644 3
6250 8090 3
10975 6103 2
1893 13043 2
10908 11616 2
13909 4890 2
1863 2362 3
10348 9508 2
12534 7286 2
2788 3292 3
10582 10677 2
3627 4793 2
8490 2046 0
10904 9247 2
2316 11111 3
7367 9904 7
9170 3010 3
486 5634 3
2265 9342 2
12964 8820 2
3961 1236 2
12715 9440 2
12920 3226 2
10457 11165 2
13826 6623 2
3664 4009 2
13527 7800 3
2894 6781 3
1233 6358 7
8969 6688 2
519 1216 3
13861 6222 5
8706 12873 3
13361 3862 2
10740 3698 3
11068 13019 1
12990 12120 3
11052 9161 2
9912 11702 2
6305 6322 2
2628 9343 7
6834 7494 2
8515 11646 3
8025 10179 3
7723 6353 3
12674 11293 5
1013 1839 7
5655 4095 7
10354 8498 3
1267 7393 1
1651 9047 2
6807 5657 7
4225 13106 1
5216 1001 1
3817 6005 1
6014 5379 2
7200 9171 7
117 5609 0
7084 7005 2
13278 4468 6
11216 6154 3
2088 5538 0
10936 8890 2
2783 8616 7
2727 5073 5
9663 4976 3
11941 10209 2
3508 3349 2
2766 2841 3
11884 4102 2
4573 6440 3
1853 3189 3
12495 8494 3
140 5531 6
9334 595 2
13640 4544 2
7700 4773 3
5953 1630 0
8783 9601 5
3878 12879 3
9092 4056 3
8608 10327 2
1749 10375 2
11497 4507 7
1932 5190 5
2781 2951 6
13641 1328 3
5452 5705 5
11741 10085 2
9175 7969 2
4630 7554 3
5135 5528 2
6047 6912 3
408 8689 2
8042 2466 3
4933 9736 0
13384 5347 6
10837 13852 2
5000 5852 3
6881 11320 2
9966 2573 4
9446 10199 2
8737 13298 3
7742 7646 3
936 1396 3
13154 10521 3
757 5272 2
9926 3645 2
7398 12329 3
439 1159 5
5637 12504 0
2999 1025 1
1237 10742 2
1307 1401 2
889 13728 3
10272 13342 2
692 12127 3
8350 1295 3
371 4787 3
4736 377 2
3428 7408 3
8393 5714 3
4529 4429 2
10624 4616 1
8931 1323 2
13246 5618 7
1578 3829 3
10724 10981 0
5203 9274 2
8676 12267 3
4551 2789 2
4952 7520 3
6002 2722 5
2406 8792 6
9406 9690 2
13151 12822 0
11788 13891 3
10958 6835 3
3643 1755 2
10968 4237 3
2317 8217 2
9246 8313 0
3007 13303 2
7443 9583 3
3783 11803 3
8517 13272 2
11059 9578 2
4324 7110 3
12924 2250 1
9077 1807 5
5108 12012 2
10068 8635 2
13240 5594 4
11178 6500 7
7966 2304 6
147 11316 7
6306 10268 3
10645 3260 3
1684 12013 3
172 9035 0
8564 8004 3
1302 8014 2
8356 10436 3
7329 8686 2
1780 13659 2
5775 232 5
5313 3621 3
12210 10464 3
2572 10577 3
10821 363 0
11396 7759 3
7771 10005 2
12180 1924 2
2173 6084 2
2580 2643 3
2480 11401 3
6932 11531 3
1956 7848 2
3163 13910 6
8461 7062 2
12849 7984 3
12623 8179 3
8152 5468 2
6119 3566 2
9795 1640 2
1041 2435 1
5041 5224 2
6050 25 0
729 11870 2
13830 6308 0
10656 11331 0
9882 8297 3
3899 8458 2
5645 6451 1
6824 11686 0
9866 11972 1
9886 2865 0
4379 6629 2
7003 7070 7
13736 4785 3
4730 7080 2
12185 6520 2
6011 9610 2
8975 1882 3
3771 6100 2
5252 10243 3
12882 7689 3
4695 11707 3
3109 1591 3
6285 1210 0
12350 249 3
69 7614 2
11046 9368 2
10466 13911 2
6840 6127 0
909 7026 3
2286 5822 2
9269 7349 2
6185 1099 2
8166 12679 2
13552 2323 1
11313 379 2
2397 9496 3
13409 9905 3
7066 3047 2
6961 2515 2
7599 4408 1
8823 7378 2
5066 13307 3
12819 13550 2
5533 5880 3
11675 12608 3
5607 1452 3
3065 7179 3
6097 13717 0
8560 7523 2
11834 2560 3
1626 8121 1
2902 6596 2
1054 490 3
3558 4812 2
4479 1114 3
9267 3168 3
3658 11335 5
8487 1593 5
384 7776 3
1049 2519 3
4756 9602 3
280 988 3
13904 10719 2
7369 8971 3
4977 7539 3
400 1837 0
12075 9861 3
8419 6144 3
882 2415 7
3472 1806 3
13078 9538 5
533 12582 3
8983 7390 2
11147 9859 3
1553 6854 0
8788 10673 6
3400 13931 6
5159 7431 3
8888 2211 4
10490 5964 4
10486 11210 0
8705 5238 3
10485 10010 2
8391 3917 3
8057 2575 5
6213 206 1
8606 9296 2
7620 2610 2
2408 13546 0
13970 4929 2
6582 4761 2
10952 12165 1
3993 2035 5
6957 6410 3
9401 12268 2
728 6395 3
7874 7436 2
11237 11620 5
12247 5590 3
1719 1026 2
11977 9762 3
1698 4478 2
6723 9849 2
3924 9809 0
488 215 1
2644 12808 4
8282 1697 3
9993 1321 2
12692 3276 2
8844 5704 0
1676 2746 1
1043 5513 2
7790 12942 5
963 7706 2
333 10757 5
10168 12757 2
1215 9540 2
5564 3477 7
5504 11680 3
10697 8525 2
1523 7480 2
11158 6120 2
12738 5512 3
3709 11668 0
1639 5734 2
7842 3230 3
1329 5127 3
7119 4416 2
9369 3846 2
2471 7212 3
8645 2282 3
4898 7039 3
1138 3608 2
12113 2049 3
13700 8883 3
11009 10532 2
3023 6792 2
10029 545 2
3481 4250 2
6883 9203 3
10113 665 2
8660 10730 6
4107 10240 3
11155 6724 3
7850 5342 0
7068 13725 1
772 489 2
3915 2182 2
8848 3818 3
12432 3626 3
11526 12518 3
8221 8202 2
11560 539 2
11170 4206 2
8646 12105 5
12140 6098 0
13783 8963 5
4169 12008 5
7156 11346 3
293 10126 2
6189 4623 2
5818 815 2
389 12441 2
4930 10205 3
11361 11503 7
5363 3716 2
851 6809 5
10942 10882 3
11370 1129 2
10586 5450 2
26 12040 2
13872 1291 2
8710 1738 1
2743 4376 2
2255 1805 0
7199 5819 3
13289 2559 3
6588 8613 3
6745 7954 2
4170 887 3
11033 1375 0
10709 6612 4
1691 2739 2
12884 4195 1
1182 11932 2
5109 2113 3
6063 6089 2
4565 6918 5
10266 8924 4
3187 12987 2
3648 10342 3
1495 9356 2
3002 9887 5
7405 3857 2
10753 6996 3
13742 10039 2
2608 8588 2
178 10863 3
9117 6082 3
1281 12900 2
10380 10319 3
12014 7584 3
6806 9946 2
4240 727 3
12974 1653 2
10191 8044 2
13617 5994 2
9060 9345 2
10540 11971 0
12598 3488 2
12830 2017 0
10480 12370 3
12309 7890 2
4401 12880 7
8108 4355 0
4278 13353 3
1817 1833 2
12508 4871 2
6193 4801 0
1272 4194 2
1391 12937 2
11813 2947 2
9064 2848 3
13858 10027 5
8481 8161 2
9714 4547 2
10917 2912 3
11511 12986 3
2570 7658 3
9088 6310 3
6714 4381 3
12427 6940 3
4861 11387 3
11466 5112 2
1322 9737 2
11776 11603 3
2590 1790 3
5623 962 3
5608 4692 3
373 2617 2
3271 8771 3
3141 2664 2
7570 4270 7
7452 13647 3
2584 3593 2
9680 10679 2
13553 12507 3
10299 1535 2
1542 2353 3
9314 7060 5
10109 11314 3
9873 10298 3
11540 8071 2
1611 9665 3
6589 9224 3
12408 557 3
1081 10300 3
9198 606 2
12067 8376 5
576 4370 2
9082 3747 4
7940 11163 0
11368 142 3
5795 12509 2
6965 3611 2
9754 4299 2
4951 5350 2
10583 13042 0
3495 8938 3
6526 12649 7
2816 6458 2
12240 12915 3
9549 2240 2
1983 8509 1
9644 13686 0
10887 3282 2
3106 6407 7
13422 10489 3
6650 12476 2
4571 13899 2
11529 9096 5
8007 12991 3
7318 1723 3
2782 2015 3
1335 1931 2
5088 3020 0
8326 2077 2
13090 12823 2
12437 13343 3
13985 11861 2
7455 8151 0
7623 8353 2
11224 7368 0
436 8935 2
10959 11896 5
4648 7370 5
8024 3293 3
8512 13166 7
842 11585 0
260 4581 3
8199 2254 2
6453 99 0
11441 6061 2
11103 11944 3
10641 13264 0
2172 4704 3
12346 2336 3
8724 745 3
11107 9812 2
4492 6799 2
4100 593 2
5672 7917 3
13757 11438 1
3196 11191 2
4034 690 3
13271 9304 2
11501 10167 2
3519 336 1
6136 2020 3
9629 10688 3
3489 7375 2
11550 4453 3
11306 6796 2
4148 8558 1
6406 11319 5
6188 13630 2
3396 7424 6
4631 1864 3
2225 12490 2
5031 8264 1
255 9270 3
13705 8725 3
10898 4918 2
5596 1894 3
707 6678 2
6909 12177 2
11245 2571 2
1437 1910 5
832 13018 1
12719 1955 3
4072 9742 7
2662 13002 4
11282 9676 2
9293 4190 6
11267 6463 2
12806 11037 1
13095 7101 3
6915 5401 0
432 8285 5
13286 9527 0
8989 12025 3
5086 3547 2
11175 358 3
13132 425 3
9184 7008 2
9929 9622 3
3753 6632 1
7215 8158 2
10152 2523 3
10258 10078 2
749 3822 2
1014 6482 2
8269 7357 3
9533 921 6
7672 1558 3
7735 13048 0
1324 10910 3
12513 10878 2
8331 10835 3
5621 12339 3
8694 9085 3
8262 5832 2
13490 9332 0
5960 5418 2
12241 6950 2
1873 8506 4
8037 7044 2
580 12422 3
2004 7632 2
8087 10129 3
13123 474 0
2567 9752 2
5980 12310 2
11494 4252 6
13884 10304 3
3391 13144 2
3343 196 2
7862 2928 2
9032 2350 2
5751 956 2
2940 6071 3
5004 3894 3
2441 6597 3
8371 1847 2
11911 3886 0
4888 7820 3
9176 13202 0
6284 8997 3
13332 13368 2
10792 12463 3
1158 7836 3
8405 4015 2
3679 11793 3
12467 5851 2
4606 1062 3
4335 1228 0
13150 10833 5
7252 11592 1
10235 9958 4
54 6567 2
12340 5766 3
13920 13389 2
10045 1107 1
4477 12275 5
8492 7220 3
12610 7136 3
11025 3780 2
7239 5733 3
8135 712 3
2199 4361 2
13497 3913 2
12999 3464 2
1483 7784 0
1249 4210 3
6449 922 0
13544 9504 3
4985 10449 2
10091 8368 3
7166 3622 0
10368 3952 3
13592 4305 0
2258 5259 2
5692 11665 2
1685 12462 1
1132 10435 2
1388 10524 1
11525 7875 3
13180 4684 3
5463 233 3
12521 7493 3
1397 6159 1
1449 2181 3
8030 13536 5
6265 13325 0
3299 13559 2
6845 9980 2
7213 12086 0
6706 11890 2
12172 6867 3
8657 2854 2
6898 6412 6
11527 9104 2
8212 7986 2
9180 8582 3
9895 12209 3
407 11296 3
10594 9607 2
9002 1850 2
5605 11480 3
11102 6036 2
5825 7274 3
10961 977 2
3840 3550 2
13992 9820 3
12609 888 3
12297 7870 2
13548 4955 3
13712 3330 2
11303 9900 5
5346 4043 3
12685 12079 3
4395 4920 2
8266 4990 2
4163 7567 2
13441 11863 3
239 3413 2
8470 10547 3
5658 8061 3
13707 5078 2
13437 4437 3
2378 6012 5
10236 3217 2
11232 12388 2
3536 8692 2
4813 12400 3
13755 6338 4
7731 7548 3
9491 841 2
11357 4922 2
9452 12706 3
11376 127 5
4825 7797 2
4487 4991 2
7079 2396 2
8537 13637 3
7118 9920 7
5184 6499 2
11096 3977 0
12885 13410 3
4568 782 2
298 11270 5
13930 1770 3
4687 11083 3
1600 4772 5
191 13083 3
10541 6483 2
9307 11631 1
2461 11953 0
3497 8758 4
4291 3499 3
13340 4229 2
12994 10871 1
5173 8548 2
2421 11785 4
5981 5158 3
3951 8377 2
12604 4499 2
6776 13206 7
6475 1455 3
7993 4569 2
9831 8695 2
1897 10438 2
7086 7676 4
8998 13443 3
9438 6631 3
2200 3335 1
1346 5831 7
10500 176 4
12106 6299 3
600 11723 2
1031 8175 2
4144 8188 2
796 13603 2
6569 4021 2
3097 3987 2
4508 3116 2
10491 5786 2
7695 1147 5
8040 3538 0
10397 862 2
6621 646 3
2416 4387 3
12205 11812 3
5359 3228 3
13480 868 5
4065 2682 2
1101 6646 4
3748 2607 0
1261 2289 3
9748 1383 2
12488 3357 5
8893 2153 0
5519 10460 0
9235 1767 7
5281 1386 3
7923 7412 0
5384 106 2
9750 10828 3
4685 5309 2
1486 13924 3
1625 3176 2
7192 8029 7
10008 5732 2
6443 2472 3
747 11290 2
4069 1040 0
1632 4729 0
12284 5885 7
3148 3597 6
4885 10756 3
3760 910 2
8574 4498 3
5486 9834 2
7363 3355 1
6657 10232 2
9266 662 7
9346 5075 5
5911 8228 2
3257 6574 3
2963 7852 3
560 11994 0
9546 8272 7
13205 1708 2
2070 7143 3
1481 6436 3
11094 7013 3
9105 6651 2
9089 7210 2
2821 2445 3
11928 7572 3
13662 8793 2
2522 4227 2
6772 11781 2
9319 4464 2
13825 5649 0
1973 1162 2
151 2911 3
3677 4683 2
9700 1858 2
1349 11460 2
10599 3121 2
419 2663 2
12326 3202 3
5226 8118 2
8402 8260 2
10849 4109 2
13703 9738 3
10993 12327 4
4909 89 2
6692 8432 3
7138 394 2
7306 13282 2
9464 610 3
13685 4020 2
2221 1921 2
3155 11831 7
7054 10627 2
9923 4643 3
4403 2213 5
8283 1802 3
5289 998 2
11110 2889 5
854 1662 2
12066 13086 4
7372 12952 3
9306 10488 2
3078 12196 2
3777 11624 0
13732 5772 2
4495 10064 3
13880 8905 6
3419 3150 5
12144 697 3
9808 3147 3
72 1245 5
13314 2342 2
5632 5301 2
12501 3505 2
329 3262 3
12306 6598 3
8077 4879 2
2030 1945 3
12401 8435 2
5443 13714 2
5375 12017 2
8993 13094 0
4397 168 5
2363 12307 3
5416 5701 0
6167 6999 3
1605 9410 2
7613 12398 2
11301 7694 3
1032 4901 2
6700 11997 2
3465 116 2
13039 1067 3
7350 9241 3
2506 6162 0
6793 10337 3
6828 5043 7
3137 835 2
7747 1940 6
10836 3049 3
1071 11034 0
7960 1704 3
129 11286 3
13487 9731 4
12131 5813 3
7206 10377 2
13916 11572 0
13233 13391 3
4129 4535 5
9146 11164 3
10409 1400 2
236 1020 2
11265 9280 1
2868 13092 2
9853 9843 3
12395 7181 0
791 10909 3
9984 5644 2
13158 8163 3
13290 5659 0
11060 8148 3
9227 8491 1
7641 10900 3
2706 5828 3
4881 12668 2
12392 4068 3
10463 6146 2
11192 7409 2
4789 1943 7
9362 9159 0
1398 13625 3
9444 1649 2
8010 7483 3
1175 9019 3
6465 10296 3
2812 13968 3
6377 12109 3
7385 10219 3
1274 6630 2
11862 7550 3
8610 8757 3
8311 158 3
9320 4128 2
4385 5062 0
11864 3225 3
7353 60 3
3388 951 2
5210 8268 3
2146 9138 3
4241 13469 2
10731 9048 2
3042 13601 3
7549 1366 6
12543 12681 3
13631 3268 2
3994 9462 3
10893 7569 2
11574 12815 3
2456 2673 2
13541 8684 0
12933 39 3
9653 10398 5
4372 4269 3
12073 1732 7
8507 9766 2
7825 3595 3
9044 13037 2
9402 3675 3
8420 12889 3
290 6426 7
8369 84 5
3847 5702 3
12138 9550 0
10288 9111 4
5684 2599 2
5977 3876 2
735 9279 2
578 1671 2
2072 4511 4
7478 4894 1
10885 4792 6
9774 3016 0
7021 12471 2
13110 11542 3
7320 4436 2
7243 11071 3
11240 7787 2
12070 4099 7
9078 12044 3
12035 2890 3
5929 9163 3
1979 5014 3
12203 2206 2
12559 2500 7
6129 7763 2
9919 6254 3
5391 2450 3
286 4899 3
1859 2525 2
4611 1524 0
1350 13013 5
8825 11632 0
8772 1905 2
360 13185 2
1725 1006 2
10291 5057 0
5024 11871 3
9890 12971 5
938 12861 3
9782 4895 3
9309 450 2
1262 12805 3
3797 13595 3
3284 1446 3
3475 11126 3
6775 734 3
1258 10171 2
6581 11123 2
9018 12700 2
583 3650 2
6117 1957 3
12620 5395 3
774 2828 2
8276 12453 3
543 1760 2
11310 6917 2
1938 13988 2
10850 10671 3
9948 2114 3
10153 10637 2
10406 12642 2
9571 10687 0
10701 4516 7
1287 3328 5
444 1564 3
10198 13697 3
742 5944 2
4421 2288 0
2120 9196 2
714 9132 6
7553 13779 3
3663 7764 0
13014 1900 5
7885 2166 3
352 10727 3
11801 8652 0
1643 11360 3
3879 6615 2
5794 1268 3
4694 13570 3
4239 13535 2
10241 8704 2
7865 3545 2
673 1608 3
12331 7918 3
13575 12219 7
8289 2138 2
478 10825 2
10417 3963 2
1731 3061 0
12908 1294 3
7293 13449 3
12644 10066 5
5114 1898 3
8553 9397 0
6028 3165 0
2504 7568 2
344 9071 3
5539 9255 0
12377 8891 3
9648 7115 0
7061 5077 3
9655 3232 5
2177 9398 2
7346 11236 2
5585 13457 1
10872 8696 3
6147 11431 3
2668 2215 2
3636 7327 3
11099 4466 2
10686 10700 3
5176 3005 2
12903 8095 2
7637 535 3
6512 5814 6
12628 5467 2
4369 10223 3
11104 11706 6
3855 13032 2
4438 4817 5
4788 7957 3
8541 7109 0
2263 13364 2
2611 11469 5
12049 8900 2
9952 7937 2
7116 8051 2
10771 12065 2
10281 4455 3
12277 6789 3
9385 3667 2
8355 3762 2
13525 3834 3
8167 608 3
10675 7992 0
10853 12429 3
11562 4050 1
8382 13312 3
3407 5993 2
2249 343 0
786 12455 3
4337 12658 5
13720 9915 7
6094 8940 6
8381 13412 2
13956 6815 2
10030 13401 3
2431 7808 7
2697 1848 3
11445 3989 2
8926 12663 2
9558 10389 1
12978 11666 2
86 6018 3
5231 7515 2
11536 10648 0
11855 13990 2
10585 1173 2
2636 5934 2
139 12200 7
12130 6385 2
6934 10708 3
4914 3712 2
11172 12810 3
13313 10962 2
7891 6732 2
2354 6211 0
11917 5966 2
10007 9416 1
10983 3542 2
5742 2407 7
2834 2624 2
7654 346 2
1585 6740 2
12043 12782 2
3635 9445 1
13481 9055 2
10021 8069 3
9693 7323 3
4176 1063 2
4943 5314 3
11643 1403 2
8833 7718 2
9968 12028 2
3842 10527 2
5721 13074 2
5161 8508 3
1463 10514 3
9739 7487 2
10139 10875 3
1886 2671 7
13177 1108 2
9363 2587 3
13507 11610 2
10619 9415 2
3359 3316 3
307 426 2
4978 11127 2
12129 10615 2
2863 6295 1
5955 7089 3
4451 6509 6
10343 471 7
8244 2773 5
12696 3683 2
5735 5208 0
9570 13886 2
9883 5039 4
7990 10702 5
8838 337 2
1874 20 3
4204 9392 0
1429 6554 0
4925 1960 2
165 9777 3
8223 13477 2
6240 8910 6
1861 2239 2
6361 6445 5
6313 1476 0
10755 12866 0
848 12607 2
2818 13052 2
252 7273 7
3746 11964 3
7603 780 2
12486 2640 7
594 416 3
7991 1793 3
12006 5237 3
2311 7278 2
9793 12737 2
3972 2871 1
10097 13791 1
10978 11638 7
1018 2703 2
8562 12602 2
6710 365 3
2917 12599 0
10636 6158 3
3688 2233 2
13795 12579 3
4465 12883 3
8001 3647 3
9022 11727 3
6311 3281 3
7503 2998 2
11333 1070 4
6369 93 3
7997 13679 4
2014 10474 3
11914 4719 2
2855 4446 2
8466 10782 2
4482 3432 2
7727 5324 3
3171 6411 2
499 3804 3
6852 1641 3
7376 11601 4
10346 7006 3
8743 5179 2
2942 1313 2
6973 969 3
4419 5182 0
3074 1083 5
12287 10653 2
1656 38 4
1978 7715 3
5808 2778 0
8942 6124 2
8170 10783 3
11119 1816 2
10693 7209 0
548 4956 0
568 466 2
9996 2989 3
9757 10301 3
7222 13270 2
8196 12687 2
13698 6258 3
7616 11454 2
4373 2484 3
8715 11659 2
685 3325 6
3410 12436 2
5432 7639 3
7462 9230 2
2979 6592 6
13057 12246 2
9449 13885 5
9959 2121 3
6771 12517 2
9265 11922 3
3754 2183 0
2062 713 0
13194 8127 2
934 7325 3
9093 684 1
11027 639 2
12506 11283 7
6262 414 3
3382 11510 3
13593 13539 2
2151 7204 2
13801 12842 5
9686 1194 2
3241 9065 1
495 12693 7
9501 3656 2
12201 6327 2
902 5727 3
949 3782 5
3379 7704 2
12954 8128 0
3211 11124 2
4249 7336 3
8062 2432 3
6757 3394 2
5948 5348 3
4031 724 2
11851 7195 2
13116 3694 2
10561 5366 2
2744 12456 0
8966 9471 2
5247 12243 2
1759 13607 5
1842 6945 3
5037 4383 2
3398 12229 2
2830 7337 2
7038 6836 2
10965 4754 2
873 6077 0
11980 5647 0
1465 12191 5
8617 5581 3
8748 9698 3
5792 9841 3
6896 785 2
9178 4027 3
13170 11589 3
6699 4135 2
12147 7034 2
3781 3532 3
4412 3436 3
626 3959 2
3633 1890 3
6977 7434 2
10926 634 0
5383 763 3
5478 13211 0
10830 13199 7
4765 5471 3
1380 1279 1
7728 8201 3
4286 5393 2
2418 13829 3
3123 3288 2
1359 11907 3
13876 9618 3
12404 11279 5
9881 3860 0
6357 8119 2
7648 11768 4
569 5319 2
1174 7330 0
3083 3175 3
7947 7399 3
1050 9909 2
1883 143 5
3179 13216 3
5113 11694 1
529 8094 2
3534 1488 0
13049 12603 2
73 9836 3
5202 1475 2
1055 573 0
1301 331 3
10249 476 6
3239 4112 1
5032 6991 2
9313 7883 2
3206 8590 2
12872 8535 2
1417 3612 0
1832 10104 5
8444 6477 2
11765 11005 3
1746 6324 3
5027 9200 4
10364 7725 3
6922 9668 2
799 5475 2
3995 10194 3
11639 11703 0
12812 12852 7
3686 1826 2
5628 996 2
13954 13768 7
4469 6229 3
13360 1331 3
968 6780 3
7803 6090 3
5211 12835 3
11508 12384 3
13562 9441 2
8557 6421 0
9001 631 3
11794 8733 2
13028 113 0
8256 2792 7
5091 5251 2
3652 5183 2
1033 2803 4
7886 1852 0
837 9838 2
3625 9160 2
7682 1319 2
795 9525 4
4362 542 2
8229 8852 2
12460 10087 2
7660 4256 2
3998 2309 1
804 10699 3
7625 7464 3
12803 12859 2
3711 6241 3
13940 3077 3
764 4230 3
5720 11712 7
11050 11242 3
7074 3120 3
2786 15 2
13730 2833 2
3029 9828 2
12393 10865 2
12593 12539 3
13971 1248 2
2189 8114 3
10611 12555 2
11505 7472 2
12855 13119 2
9769 226 3
5617 1823 0
7712 6139 2
10 10355 3
1565 4979 2
2489 6470 2
10265 8585 2
4140 13855 2
11091 3573 2
6791 10263 2
5399 13291 2
1543 11645 5
5567 2490 3
1299 7994 2
1179 9869 3
1667 9302 2
12018 9156 7
10516 12311 3
11981 8818 3
10509 3261 3
505 7945 0
11804 4910 3
12605 5718 2
2496 4405 2
295 4509 3
10657 4840 2
7781 11079 0
12199 2054 3
8857 5150 5
4470 2595 2
7506 7589 2
13761 10060 1
70 2627 3
13777 13616 3
9130 6459 4
8516 4590 2
12022 10128 3
6303 2284 3
2060 1768 4
4841 137 3
2454 1086 5
6539 10051 3
1045 2367 3
13051 5865 3
7778 534 3
3819 10502 3
13189 12145 3
6052 10664 2
262 354 3
8836 511 5
9465 13183 3
10864 367 4
2280 9125 2
3470 5636 0
4377 5615 0
8165 228 2
13984 5424 3
876 9852 2
123 6548 3
10477 4097 3
5 6060 2
40 8015 2
12447 10931 0
4341 11676 2
6040 10529 2
2464 6664 3
7352 3036 2
512 9796 3
10118 13415 0
11209 12575 0
2967 7500 2
13710 9626 3
1112 6564 2
10974 6137 5
1009 10033 3
7015 3870 3
4877 5995 5
12863 10726 5
2535 2586 0
10932 6948 2
2197 12584 3
13114 9300 2
4153 1970 3
4856 12117 2
8039 1128 2
5835 3201 1
1688 7540 2
3726 8011 7
6283 8970 2
10313 2918 2
4897 6053 2
10260 3136 7
9468 7460 3
4749 3178 0
7141 7831 4
13284 9373 2
8636 3504 5
9217 11983 4
13063 9951 2
2074 11324 7
9058 12944 6
3333 1187 3
9151 8064 0
12154 11457 3
9458 11901 3
12397 10122 1
5133 11886 2
5080 3130 2
8720 10508 2
7714 13277 3
2140 13210 0
6151 1654 3
2860 2234 5
11014 6435 3
8502 1468 3
11975 13000 7
643 6518 0
7588 6760 2
6438 2485 0
2080 11649 3
536 428 0
13835 4980 3
12512 3976 2
9595 531 3
3929 12156 3
12697 1110 3
8176 9704 2
2399 13442 3
1044 11149 2
12484 9631 2
2443 10455 2
3720 13528 3
6350 12809 3
4022 8688 2
8224 3868 2
4364 5695 2
12787 7744 2
683 10639 3
1005 4158 0
3815 7628 2
9612 10560 2
12188 4212 2
7598 11942 3
4449 12704 2
10676 5262 5
13816 10423 3
9177 846 3
8111 13356 0
4062 1368 2
8779 13645 0
8124 716 2
4439 11689 6
10504 2306 2
5175 10137 2
11451 6627 6
13098 4037 3
3544 4014 2
8936 5758 4
79 154 0
2298 11258 2
4066 2392 6
6058 9358 4
11571 3038 5
5111 1385 3
11521 5849 3
12540 10123 2
1435 8409 3
8578 2795 7
10381 7916 1
5388 2895 3
12901 7843 2
5163 905 2
7035 1712 2
13577 10984 2
13870 7381 2
2545 7077 3
1318 9084 3
11613 10950 2
6197 8929 2
8098 4359 2
33 2011 5
9202 10487 3
1354 12255 2
4332 12955 4
8068 1102 3
13168 12492 2
8575 8916 6
6698 13269 7
13776 9386 5
12157 7974 5
9457 5142 5
6415 677 2
628 4823 2
5989 8168 2
1394 8930 3
497 3014 3
5662 1157 2
1909 6336 3
11673 12716 3
917 2512 2
10345 13993 3
9182 5746 2
3110 10095 0
8968 5706 2
12754 8920 2
13864 2761 2
12747 9388 2
10146 6953 2
5449 5376 2
1027 1178 2
13651 12752 2
514 3473 2
3988 5392 1
4307 3079 3
11381 13221 2
9090 4061 0
8136 305 0
9507 155 2
10752 10712 5
3303 1439 3
7463 6434 7
6318 3082 0
4833 6895 3
9253 12072 2
3314 3195 3
5757 12688 2
8035 4217 2
5587 11545 0
2006 13274 3
13729 4541 6
6165 10746 2
4580 10570 3
5407 11435 6
5846 13875 2
3111 1444 5
6279 4637 6
13231 7606 3
13411 8027 3
10482 11133 2
234 7592 2
9829 4678 2
12576 11254 3
689 13774 2
330 12736 0
9242 11415 2
9430 13428 2
3348 6086 2
11109 1234 2
6321 12232 2
12415 12034 3
9580 13995 2
1887 9057 3
10173 805 2
6485 1773 2
7856 9423 2
4869 3844 3
2618 10889 3
12321 13165 4
3641 9409 2
8580 6891 2
9814 149 3
13598 8842 7
906 3119 2
5423 7227 3
4111 4866 1
9378 2769 3
8315 13493 5
9028 11063 3
108 13100 3
1516 7542 0
1944 5071 0
10150 4528 6
12680 12564 7
11036 5481 2
12686 8523 3
12419 11892 5
4555 1341 3
8154 8117 1
284 229 0
4639 3248 7
13688 7760 2
2356 6894 3
12848 4986 5
1992 1765 7
11656 12785 3
10716 739 3
13069 13022 2
2585 7827 2
500 11800 3
11857 12184 2
13522 11780 5
1522 1196 3
9982 7218 1
10738 10254 5
11167 7454 2
1039 12950 2
6498 8736 1
10326 11262 0
6523 1010 2
11043 10231 3
13937 12160 2
6381 1471 2
10945 4660 2
6226 1028 2
6643 11746 4
4884 8242 2
6399 11021 0
3695 11343 3
10270 159 2
92 6372 1
13087 1487 5
4044 2433 2
469 8000 3
10365 9413 3
4311 5522 2
3905 9832 3
5003 8681 5
1885 5195 3
12389 3800 2
5315 6312 3
3243 6904 6
7025 4485 3
12912 2237 2
5769 10571 3
3173 225 2
3416 52 7
1185 1073 2
1734 2775 3
9632 11664 3
13975 11916 3
11518 5501 3
550 6405 2
13467 6328 3
12515 9539 3
11 174 2
4393 7428 2
5299 812 0
3460 11226 3
61 3019 7
302 1967 1
9551 13780 3
5153 7178 3
2332 13578 2
13041 549 5
5699 5335 3
2920 13455 3
4484 1666 3
2165 650 2
9099 983 7
10220 3737 7
6182 2275 3
9278 11836 1
1320 12854 0
12561 7093 2
11198 5855 2
3182 13015 2
7511 13865 0
10810 12552 2
564 13752 2
2005 12289 3
4891 13126 2
11204 8785 3
10706 13172 2
3659 6599 3
4301 2549 2
2301 13643 2
733 8714 5
7604 269 3
11752 1000 3
2438 4755 3
318 10666 0
10817 9728 5
4863 8899 2
3401 3758 2
4517 4875 3
11397 3662 2
11714 5600 3
4644 12379 5
12532 12074 3
13208 7230 0
3426 8871 3
11427 12 2
2340 1427 3
7456 718 3
6747 8122 2
4488 9940 2
8261 11122 4
9009 10690 2
2369 10176 3
8709 10255 0
7873 5287 2
3660 1884 2
11142 5931 3
9061 29 2
7241 4896 2
12175 11011 1
11496 12641 5
1617 2700 0
4927 13887 2
691 10870 3
5666 8680 2
8131 10276 5
12357 10622 2
10816 4298 0
6418 5544 4
11392 12182 7
4575 13604 2
7788 1137 0
6420 9201 2
3965 7433 3
5788 13763 2
7404 2248 2
11623 13259 2
11651 7260 2
9862 7406 3
10609 6364 2
13568 4085 2
4378 1241 0
5731 1316 2
3092 7476 7
13105 7262 1
10015 1482 2
2882 2482 7
1872 8349 3
13407 7770 3
4621 11455 2
1150 10053 3
9608 6215 1
1715 7585 2
9437 13622 2
3103 8096 2
2603 814 4
4624 104 2
3441 7022 2
10674 4815 2
13958 4 7
7977 7657 7
760 2031 0
1111 13125 2
9033 6290 3
11705 6141 6
7655 11039 2
7753 7894 5
372 6979 2
672 10393 2
5002 9974 3
5144 8050 3
9427 8669 2
3937 9671 2
9027 2292 2
12927 7016 1
11160 3033 3
7962 10715 3
8978 1569 6
9819 3318 3
3931 9497 3
9298 13044 3
3945 10685 2
11493 3704 2
1369 4618 3
13420 808 2
8194 8041 3
13310 1714 3
9756 6496 3
12591 2905 1
1413 6489 7
10802 10891 2
9150 4338 1
8439 6608 2
4617 2402 3
9317 5138 1
5495 12661 5
6104 6115 3
1812 1499 2
7983 6022 2
1525 31 5
9124 13176 3
7773 3964 2
12347 7313 2
4150 6493 5
10229 10855 6
13711 7841 3
5282 4328 2
9868 268 3
8726 278 3
12984 148 3
9913 275 1
13178 3204 3
8028 13677 3
3969 9119 3
5496 10372 0
13365 1590 0
6622 7137 2
4075 4119 0
4279 12181 0
1480 7277 3
3512 9134 2
3084 8296 4
8614 1819 0
8386 2243 2
10925 10493 3
5063 9978 2
1783 10770 4
6059 13989 2
3215 5204 5
11845 4340 0
9713 4356 2
13766 2178 3
13035 10800 3
6266 3124 6
3673 2797 2
13694 4006 2
1567 10371 4
5536 13618 2
12935 3875 5
6359 3315 2
12125 803 2
356 2814 0
10714 3927 3
5565 2726 2
7666 2526 5
10273 4382 2
2064 11900 3
12622 2149 1
10776 9214 3
2569 161 0
4746 1181 5
9456 7671 2
8697 2822 2
11275 13798 3
6755 7095 1
8499 11255 2
10405 9017 2
577 9326 3
6437 11212 3
3576 2052 3
3138 11437 2
3246 6317 2
2719 9075 2
6860 7300 2
9297 3090 2
1958 5559 2
9359 1655 0
4847 1208 2
4273 3222 5
2267 13482 3
6624 5939 3
7789 3427 3
3122 12864 2
12689 8270 1
4960 3443 3
4039 10057 3
1702 3883 5
9590 640 5
1090 7783 3
13337 3602 2
12772 11748 2
8216 4545 3
1679 11528 7
9804 4578 1
6722 8939 3
8321 12473 2
8806 6044 3
9460 1706 2
3259 7908 5
9780 3364 3
13672 6695 5
1614 2136 3
7802 1529 2
2995 10608 3
5768 11476 1
10214 10416 3
3022 5676 3
9025 630 2
2283 5700 2
10556 5308 3
2591 11006 2
10722 6907 2
11276 11882 7
8454 7559 3
10428 10982 3
13336 3071 0
11062 9646 2
9118 10670 2
10452 3478 6
453 10499 2
4493 3233 2
8101 37 4
44 11524 5
12225 7900 3
7430 3618 3
11821 1038 5
387 12266 6
10430 13085 2
10990 4572 3
5671 11446 2
3787 2799 2
10302 1727 2
11185 11970 2
198 1389 0
9962 11737 3
10772 9376 5
3833 4537 3
12867 1332 3
9877 12037 3
9318 5286 3
12771 1434 6
2198 11593 5
13046 8081 2
8333 5805 0
13245 1015 3
6924 1963 0
6561 4747 3
8874 11552 2
2907 8238 0
8120 3877 3
3808 11920 2
2491 10108 3
7702 76 3
12665 3568 6
2047 10921 2
10860 11774 2
11847 5206 1
13756 3327 3
7146 8172 1
11802 6069 4
7268 6855 2
11215 6343 0
3015 1284 2
6653 4965 2
1539 2105 2
5307 6236 3
3258 1141 2
7423 7806 2
12590 9856 3
1285 9556 3
1594 13769 2
4824 4380 0
3997 5685 2
6572 12967 2
5277 3048 3
3637 5599 0
12807 12580 2
2208 10658 2
11558 1126 2
11952 1559 5
9434 5579 3
6936 323 0
2720 1618 2
7913 8451 2
9239 6694 1
12452 13293 3
2339 10867 2
6220 11040 2
10953 3256 2
1197 2125 3
8937 8387 3
2156 9811 2
5377 5025 3
3799 839 3
4763 12153 3
8132 10813 3
1338 4130 0
664 1929 3
8831 11936 2
12333 369 3
9746 13513 3
10957 4548 3
11080 12055 2
3586 2128 1
8642 2711 2
3510 12652 7
157 9635 2
1348 7857 2
6914 12359 3
7120 3253 3
3270 13639 2
1881 5011 2
510 445 2
5920 8583 5
6947 7868 3
12640 9786 2
6865 4283 0
2728 5635 2
3920 3809 0
5957 3668 3
1726 8846 1
9885 7521 5
10879 5061 7
9543 13634 2
5460 9562 2
3480 2027 2
6862 13375 3
5850 9523 0
2034 11611 0
8528 5045 3
2053 9553 1
7043 10798 2
5174 7040 3
11614 9414 2
6466 13423 3
12965 1243 3
12193 8982 5
6586 4011 2
10759 11867 6
7247 2176 7
12934 13994 2
13778 5741 3
11472 769 2
3277 9321 2
11960 13505 2
9949 5933 3
8862 3240 3
12786 7488 3
4389 3944 5
7292 4750 2
8204 12630 5
2104 12612 3
9518 4916 2
3100 8277 2
1546 1508 3
2876 3350 2
948 6275 1
11181 7709 6
10797 3671 7
6856 9941 2
9615 11520 3
10955 6565 4
8639 11630 2
12886 13352 2
13367 6378 3
9775 10552 3
10829 2281 1
12845 13652 3
2887 2944 2
9040 9837 2
8822 10110 2
1754 1843 3
8723 8235 0
5883 9586 0
7377 5908 3
8422 6506 3
8153 3996 0
12176 8917 5
6882 4766 2
5830 7692 0
676 9276 2
1695 3773 3
4634 3572 6
5381 13163 2
1491 112 0
13281 10815 3
8795 838 2
5298 4821 2
3685 9810 3
10093 10531 5
5422 2346 3
12252 12949 3
4681 8780 2
11055 13642 5
2029 11938 2
6534 10448 2
5834 7162 5
10202 4942 3
13334 6163 0
4330 282 0
6271 9741 2
9654 11950 2
1176 1484 2
7253 9638 0
9559 4049 2
7233 8981 3
13171 2992 3
5497 7867 5
4708 11770 2
4563 3402 3
9339 2639 5
9475 3670 2
6401 4103 3
10094 4658 2
10539 13961 3
5558 3448 2
2791 7791 3
13945 7172 2
13789 9987 3
4558 12843 4
12656 11231 6
10793 5863 2
8477 13088 1
6149 8860 2
3118 13056 0
4365 446 2
13723 2251 2
8932 4652 2
6545 13140 3
11280 7953 2
12208 13545 3
5915 7602 1
4819 2758 3
13579 11933 5
3220 11334 7
9481 12094 2
13351 9294 2
8534 13501 2
4353 10162 5
401 863 2
2518 11693 0
6774 881 2
4967 6273 2
6480 6773 1
2962 3313 2
5397 3889 4
4265 4504 3
10590 13726 2
8091 13331 2
5092 13620 3
3873 10116 3
6712 8303 4
12223 8125 3
4251 4136 3
6112 5072 3
10845 4988 4
10271 462 3
8312 12554 0
13292 3361 2
3152 897 2
13190 6148 4
2875 12257 2
1788 3535 3
8505 4118 3
9567 4931 2
11074 6298 2
9101 411 3
1474 5023 3
6873 4993 2
5017 6157 3
6355 8958 3
1253 7822 2
8138 3579 5
6691 2616 5
2147 8156 3
5236 9063 2
7674 7902 3
4620 8547 3
6257 8053 3
6186 2241 2
13034 8447 3
7906 7100 3
9568 12578 7
6272 10164 2
565 5458 3
7261 82 5
13115 1373 3
6696 10140 3
3743 11241 7
6715 7340 3
687 6231 3
3463 4675 2
9139 7775 2
3054 2486 3
10987 3052 3
9967 3365 4
755 1907 2
13841 10149 2
3140 1673 3
12015 2127 7
975 10786 2
1709 8624 2
6161 3792 2
1650 55 5
9381 6314 3
1412 13676 2
3978 8469 2
6287 1370 2
8400 6765 3
12595 6471 2
8729 3405 3
5010 5824 3
9938 9450 7
8999 13468 3
12791 6635 3
7229 9425 0
296 5943 3
5550 12929 3
2891 4084 3
13635 1300 5
9815 3132 4
4216 4431 3
6033 521 2
6444 9377 3
4030 4179 3
7860 8753 3
7081 4173 0
361 8055 2
1333 8650 2
7546 715 2
5154 11859 2
11065 5152 3
4603 7547 1
3881 10744 2
3928 11756 2
1629 6007 7
972 4081 2
1365 2337 2
11082 5678 6
9587 5414 3
3208 10905 2
2626 8178 3
10784 9662 1
359 13960 1
10848 7193 2
4404 3742 3
12826 8352 2
8009 3692 3
3718 7064 2
7935 8341 0
12231 9910 4
11156 9236 0
14 10977 3
652 2647 3
5869 2919 3
2122 1140 2
3531 12741 2
2612 12824 3
1515 5311 0
1777 13499 3
4712 13500 3
7495 4859 3
74 1995 3
492 3806 2
1327 10370 2
11484 4984 2
3438 8116 2
12342 2055 2
744 7019 0
11955 4430 3
5372 2094 2
5719 12963 3
12833 3990 7
160 2300 2
4029 2477 3
13600 11590 2
9240 5005 2
250 13815 0
13333 4954 3
3689 4646 2
13031 2476 2
11722 2695 0
2960 9100 2
9144 6857 3
12064 792 2
3796 6905 2
8824 736 2
4137 1798 2
8601 6756 2
5053 5938 0
8612 9998 3
11073 10206 2
7180 2439 2
12943 7272 1
928 4691 2
10353 7365 2
5807 7578 2
10695 4146 7
6749 11327 1
1467 5140 2
6938 4745 3
13681 10297 3
6853 12143 3
7833 4131 2
2186 9716 2
12625 3286 3
9439 4912 2
970 9695 3
13434 12844 3
11157 12298 2
6055 7795 0
3517 2713 2
1193 9702 3
9394 131 1
0 3764 3
11485 11458 4
4820 8359 3
5253 7266 0
10275 10196 3
8438 2154 7
1735 3344 2
5081 1221 3
9154 7741 3
547 9979 2
937 1836 3
7859 2707 2
4392 12820 2
6347 8656 3
383 2494 7
13576 5790 0
7664 7772 0
2976 7420 2
9205 9282 2
856 405 2
1017 10115 5
6128 59 5
6784 532 4
7643 9778 3
4164 6988 3
4205 11230 2
5554 2348 3
8703 2933 7
10811 7858 5
8016 12678 2
9477 10383 3
2908 11456 0
8659 6995 3
9459 826 3
3425 1689 3
28 12221 3
3216 2996 3
6944 7473 2
7312 2770 4
2531 6081 3
1743 682 2
12029 13416 3
13335 12292 3
11561 9577 3
7338 11248 2
8431 7351 3
5686 10391 2
5444 2938 5
6833 12149 3
11648 9076 2
1908 13404 0
3562 8628 4
9555 5360 4
525 6315 2
6663 641 2
8756 8043 2
3575 6738 2
1283 7076 3
2400 7384 1
604 1533 3
7396 10819 2
4297 7605 7
5664 3034 4
3768 13495 5
8598 1818 3
10943 10919 3
10997 13530 2
1988 11411 3
3848 9950 2
7939 4126 3
7525 13093 2
402 9341 7
5540 1785 7
2771 6138 2
8430 698 0
5166 5622 3
362 4348 2
10988 10475 3
1381 1217 2
11992 5713 2
13030 6300 3
3157 1716 0
1576 13764 3
8741 1082 5
9573 9520 2
4928 5573 3
1461 11447 4
5429 7586 3
1670 3941 4
11188 6016 3
10991 4883 5
8300 7938 3
19 6172 5
10134 766 3
8782 6208 4
4155 208 2
8443 7608 3
6823 6811 3
6600 10820 2
7814 13427 7
6503 7530 2
4673 12548 3
1774 11738 2
659 21 2
4310 12270 3
8592 5048 3
301 4070 5
13903 5527 3
6447 3309 2
12396 2874 7
456 11395 2
13167 7188 2
2008 6125 3
3982 12683 3
7432 12651 5
7527 9604 3
6690 10279 6
4047 3655 3
6829 13913 2
1160 11108 2
10320 13692 2
5188 13446 2
3451 10385 2
3514 12418 3
1753 752 3
11775 13820 2
3909 5897 7
3954 6292 3
6242 4016 0
10328 8415 3
2878 2847 5
5797 12433 3
6249 5530 1
1507 10407 2
1259 10225 2
7186 3631 5
12829 7240 3
13665 1219 1
1271 2352 2
9421 9127 2
12874 6801 3
4635 5283 2
1035 13 0
5722 2533 3
3882 10579 3
3254 4490 6
10915 8950 2
11135 12529 2
12639 4281 2
8925 10360 3
10174 867 2
8340 5889 2
6522 134 2
6558 9712 5
9798 10669 1
696 7502 2
5642 5169 5
5784 9391 3
7535 8453 5
4045 12730 3
3311 12827 7
6549 1647 3
9674 11591 3
737 12152 0
2508 10979 6
5583 11336 6
5194 8367 3
3603 11032 5
1205 4315 3
4905 2802 3
8529 9098 2
3624 5971 2
12891 9591 2
11253 3207 2
13077 10426 4
7232 8750 3
375 3091 2
993 5961 2
10339 4710 0
8307 992 2
11799 9288 3
4837 12053 2
5398 9226 3
7950 11618 2
9050 10233 3
1588 3332 3
2414 4830 7
12542 12832 2
3816 6559 2
9973 4258 3
624 11487 0
10996 7091 2
6661 7505 0
5841 11721 3
4345 7635 0
338 345 2
4202 5588 3
4962 7099 3
9596 13822 2
11197 10481 3
5909 11500 4
4078 4959 3
1829 11973 3
9645 3946 0
2261 1975 3
11842 5949 3
787 9521 1
12057 7817 3
8338 1502 3
11217 2002 6
3584 4950 7
2371 49 3
11563 4989 3
9858 2158 3
1657 7967 3
8919 4214 2
4178 6025 2
13033 12103 5
6930 1156 2
2721 8875 2
1458 10334 2
10237 412 3
8972 10338 3
5991 10067 0
1951 579 3
485 6825 3
554 3567 3
9506 3524 3
5403 6531 4
4799 13399 4
12474 3755 2
2488 13229 2
3374 248 5
7345 6088 0
2271 12212 3
10204 6560 7
2629 2058 2
4850 4489 5
13991 2145 3
8761 8019 3
3280 264 1
4156 2383 1
6810 10777 7
5505 13327 3
9070 915 3
8105 12383 4
12063 166 2
4738 6639 0
8240 5121 2
2577 7881 3
3003 2768 2
4531 11904 5
3125 1312 3
5345 2737 2
11325 6010 3
6570 4105 4
884 12121 4
2829 50 2
2338 2013 2
7739 13805 3
10741 7805 2
5506 9219 2
5280 11462 3
2925 5487 5
8302 9609 2
12336 7979 3
4654 9994 3
8021 2844 2
8255 11023 2
6705 10470 2
10754 13067 2
10725 4289 3
3802 13275 2
11838 6424 6
7624 5249 0
12530 10376 3
12545 4842 4
5601 11132 2
7223 7140 5
4443 3300 2
48 11991 3
5273 10574 2
10920 10312 7
11688 11053 0
1360 11465 3
9588 6320 2
9229 8412 2
6009 6389 3
8530 7033 2
1058 12227 3
10927 12051 7
2270 9258 1
5340 9403 3
10644 3529 2
13326 959 2
9875 4797 2
10472 5737 3
9350 62 6
12766 7221 3
2922 12132 3
11233 1451 3
6981 1984 3
7175 9697 0
9049 7317 2
6041 12839 5
12750 1787 2
5241 8631 2
11502 4154 2
4614 213 1
10526 11394 3
2564 13024 0
11570 1876 2
6109 11113 0
13016 6502 2
6681 7513 2
1918 4893 3
4814 798 5
10026 12386 5
8086 13745 3
12148 2412 0
12081 10668 2
2648 10158 2
13863 7678 7
3500 2964 7
5726 10535 3
1011 11634 3
1494 13385 2
13156 11909 2
7216 85 3
6819 7263 2
7127 6375 2
11097 11180 2
13268 8667 2
11829 8730 2
13324 2444 5
243 13796 0
8954 9426 2
13060 4653 2
12918 13632 2
11782 7995 3
11695 5437 2
6573 1148 2
12190 10985 2
3849 9331 2
13508 632 2
3678 10454 0
12189 6168 2
10217 8967 2
7922 11349 2
8914 11183 5
6619 1739 2
5151 1087 2
1968 3793 3
2972 990 2
5089 12857 7
10902 12238 2
7688 6008 3
853 5402 3
3903 768 2
1378 1880 2
12902 1367 2
12619 3181 7
6367 2448 5
2716 3786 7
7577 7082 4
3588 5344 2
2424 13155 2
13474 2804 2
10294 11386 0
7403 13519 7
11464 12368 0
9751 9625 2
1596 1899 2
6707 11958 3
3386 13902 2
507 8102 2
10595 4671 7
4934 13273 0
4855 5913 2
5054 4199 0
8347 8518 0
6245 3224 4
6334 3867 2
11031 5546 3
6562 11449 2
7644 7113 2
11814 4187 3
12475 3632 2
957 7190 6
4192 3043 5
9970 9110 2
7167 1206 3
8787 3444 2
4557 1079 0
11332 5914 2
2279 217 2
13299 618 3
12281 4533 6
12751 5654 3
8144 10363 2
7895 2497 3
12010 6301 2
1308 4272 2
7536 9989 3
12647 2613 5
10310 1690 5
8934 1448 7
12487 9404 5
2164 10698 2
13386 8933 2
10621 12682 2
13540 2335 2
8411 4058 2
4459 11809 3
13454 7415 2
2699 4636 2
8618 1642 3
12834 5910 2
47 6872 2
2044 5840 2
9797 10603 7
2143 7163 3
9328 8944 2
7705 13089 2
3474 2204 2
5973 6126 3
2187 9483 2
5976 8693 2
10114 11691 5
1290 2853 3
8205 8032 4
12173 68 3
11326 2242 2
6045 674 3
8685 169 7
3272 13549 2
7170 3778 2
5490 10107 2
9723 5638 2
1811 13840 1
13283 7762 2
10564 12724 3
9109 179 2
3506 7422 5
8991 3912 3
11716 10549 5
9691 6939 3
2705 9636 2
4384 9995 7
11498 13003 3
8514 2980 3
3305 12361 2
13463 2043 2
8291 7876 3
5871 5856 3
9474 6067 0
13621 1815 2
6713 12966 3
13657 12767 2
13856 2701 2
12206 5620 6
5729 8448 3
13255 1710 3
8159 12756 5
12369 589 2
9428 6003 3
5884 9285 7
7481 13818 2
219 6068 6
2982 11710 3
3805 10170 2
13319 12499 2
4184 1240 2
8198 3067 2
9183 2429 7
5924 1705 3
6491 7690 2
13473 11790 2
2321 10408 3
11086 11252 2
5047 3492 3
24 13296 0
4538 6004 2
12694 10631 2
5117 1069 2
4973 830 0
4791 8361 2
7251 6798 3
8922 2892 3
1034 1570 3
9894 10049 2
1061 12293 2
12702 8479 2
1928 5902 2
528 8190 4
2217 3227 0
3188 6037 0
3784 11979 2
7280 1835 2
3979 119 2
2365 8627 2
3185 2973 7
13218 1869 2
12675 13101 0
5669 8607 3
2974 4768 2
680 324 1
5776 13917 6
8859 2767 7
8870 8550 1
2598 13511 2
12409 9972 2
8421 2757 2
6083 10903 3
2857 13448 7
6812 8593 5
9914 4567 2
12041 8947 1
13848 1211 2
2641 6394 3
6495 9208 2
13972 11995 3
11605 3339 2
6190 9643 0
374 3392 4
12710 686 2
5373 9767 3
12150 3596 2
7438 13005 4
2637 1809 3
4666 7142 2
1229 1517 3
1088 9029 1
10512 12698 3
12763 2428 3
7356 6827 0
13451 8784 2
10913 8544 0
8200 4588 4
11808 13124 2
781 355 3
7928 4177 3
11078 2372 3
5534 4418 5
3897 13708 2
1531 11791 3
9186 4686 3
3341 4938 2
4323 9628 3
8046 11784 5
6752 3064 2
12416 6514 2
9640 10767 2
13965 7117 4
13256 11389 0
3890 460 0
1024 12348 1
13439 6467 4
3467 13842 2
11295 10044 1
555 8012 3
8413 4574 7
9530 859 3
9053 7489 3
6386 8713 1
3080 720 2
10447 8615 3
12776 10505 2
10065 4143 2
4903 5223 3
8778 4480 2
10589 559 6
8664 4744 0
1042 13479 2
9732 3345 2
5145 9806 2
9353 13832 4
11667 5535 4
3991 4207 2
10293 12239 2
11041 9340 1
5903 12019 3
1621 2645 6
5365 4811 2
9785 5428 3
4360 12637 3
8679 11940 1
13629 6404 3
8375 8549 3
2687 675 4
6278 10012 2
2245 10058 3
7457 10604 3
6633 12677 3
4123 4677 0
7164 9245 4
8080 1293 3
11830 12909 2
9969 1937 4
11792 8489 3
13799 797 4
3561 6893 7
8320 13849 2
13963 9453 3
475 3642 2
2528 8335 3
8794 3958 3
5626 1568 2
2614 1506 5
7693 1220 2
7888 1342 2
11400 4520 3
351 9934 2
5170 8597 2
13851 9524 3
8522 10387 2
590 12171 5
6521 9977 4
9193 1131 2
8987 898 2
12520 7517 3
5056 251 3
5545 1121 3
9965 7987 2
10799 2142 7
8913 13227 6
12846 10558 4
4625 8370 2
5456 9482 3
12288 7651 3
13008 5683 3
5256 3724 2
4005 562 5
1827 10736 5
7105 12272 2
13045 3639 3
6001 11309 7
12825 732 0
6711 2473 3
12280 11311 2
10874 11711 2
9129 6524 7
7933 6990 2
9407 10201 2
9600 9579 3
11223 9532 3
5556 6683 5
4570 4913 3
4094 5035 6
7145 12142 5
9379 2228 6
2039 9349 2
1528 8504 2
4220 6659 2
3433 9068 2
11467 3582 2
5611 2741 3
5297 11120 6
6264 9281 2
3738 6717 1
3589 2061 7
13623 9964 3
6184 8886 2
784 1464 2
13328 9871 3
13671 13668 2
10082 13925 3
6474 6976 1
7083 13195 0
5874 13974 3
3446 272 7
9165 13785 3
6332 8630 3
10478 12945 3
6956 2926 3
6768 8637 0
13741 7560 3
11762 13663 2
9389 8103 3
603 7267 2
4352 9264 3
12936 197 3
4494 5862 0
5070 8510 2
4598 10522 2
10866 1492 3
3180 9930 5
12069 1808 3
7687 10861 1
6427 12036 0
6255 12611 3
13638 7067 2
3837 12814 2
13040 2823 2
12249 11999 2
3408 8511 2
843 12371 5
2652 13393 3
3197 12973 7
2561 5022 5
9305 5803 3
1628 4152 3
644 5214 2
8328 1916 3
6078 2327 2
3487 5845 4
13739 1056 2
7912 11912 2
13395 13977 3
9961 3922 3
13315 10647 3
2731 7786 2
10823 13460 2
308 1903 7
487 9703 2
9142 4718 2
7838 11778 5
6763 3278 4
762 10133 3
7435 3209 3
3974 5728 5
3334 11700 3
2498 4108 7
5083 7970 2
8146 9051 5
1514 2272 2
9004 1976 5
9945 5816 3
9472 10565 6
10079 13713 2
10940 4314 2
3415 13377 0
7479 5614 3
13693 11549 3
9494 8803 2
8556 7307 3
3824 11619 2
6769 12314 3
777 13787 2
13381 3710 2
6237 10787 3
11872 10842 0
13996 6983 2
11372 12472 0
12403 10468 2
6486 5982 2
11443 6178 2
761 8416 4
3744 10780 3
7921 6196 0
8390 285 3
9197 6734 2
9825 10077 0
596 6805 2
5668 13772 4
7630 10401 3
3442 3665 3
4145 12728 2
11732 4474 2
11621 11371 2
8965 6341 3
1871 12922 2
7675 13444 2
9620 5839 7
2033 5996 3
9670 4077 2
9372 10230 2
5051 187 3
1854 3494 2
2501 13699 3
4406 9153 2
4790 7282 3
5876 1264 5
13738 11341 3
10764 9185 3
8107 2581 2
7733 7291 3
13765 12134 0
2403 1250 3
7207 2405 6
12421 8395 5
9522 4540 2
13431 13450 2
3323 7574 5
1612 12876 3
12062 11881 0
6425 3156 3
7529 13200 3
2276 11548 3
5598 8755 2
5811 2468 3
11927 10973 3
7551 3 0
468 3511 3
288 13807 2
4344 6252 3
6323 10808 1
13394 3393 3
12123 3791 2
509 5149 0
5552 9301 4
10735 2205 2
5553 6785 2
2170 2297 1
4696 1438 2
8678 3869 3
10614 4185 4
9925 8815 3
2817 10102 2
7910 9277 2
5542 9911 5
8952 9593 3
186 4276 0
2958 4699 1
3250 8643 2
1418 9735 1
10506 2952 2
7844 12009 5
11452 1561 2
12376 6864 2
8325 6433 7
11946 5694 3
6339 8735 2
9879 11615 3
13244 7618 3
2625 9283 2
1095 2672 3
4940 7673 6
8112 8629 3
10901 3948 2
13421 1789 5
3440 7395 3
1619 8964 3
7271 12391 3
3412 13226 5
13294 1557 2
2117 8682 3
2063 9250 7
7610 11844 0
1489 10055 2
3999 7596 2
1289 5351 0
90 9126 3
7745 7234 2
4400 7400 2
4904 12098 3
1442 6173 2
2360 10788 3
11888 13147 3
10014 9651 3
10659 124 4
836 10684 2
3244 4127 2
8281 4715 2
8739 9880 2
1046 13918 3
7492 4319 3
5067 5498 3
12256 1443 3
6906 9102 2
2689 9268 7
9347 13790 7
2195 8337 3
1326 11650 0
5034 11019 2
12479 3528 0
4632 10412 2
7128 6900 2
9021 6101 3
3055 9493 4
10881 8274 2
440 1797 2
4829 8545 5
7169 8977 2
11898 4656 7
4711 12789 2
9839 2869 4
4402 9561 3
1969 5967 2
3865 2578 1
2946 5212 5
11546 6955 2
3056 11118 3
11407 4428 2
10851 4024 2
13261 6508 2
7899 4968 3
612 6638 3
10602 5716 0
688 2290 2
8843 13926 2
13358 4268 2
11143 477 6
1718 6330 3
1036 12290 2
6736 9223 1
3646 5785 5
6595 4339 2
8673 10190 3
9800 12135 2
4748 9435 2
12413 212 2
711 11699 3
2462 12378 0
10434 6676 3
13075 2742 5
13220 2538 3
5829 11729 3
6851 4649 3
12085 12645 2
9272 5368 2
6541 11121 3
8206 1636 2
2018 12690 3
3301 13599 3
12567 4334 2
448 2089 3
1730 12701 2
13846 10427 5
8227 748 2
10696 515 3
9907 3986 6
6975 4728 2
5417 13834 5
8840 1453 2
3236 13099 2
13797 5378 2
8280 9354 2
3557 1687 2
7668 11612 3
12997 9311 0
4997 3729 2
5068 300 2
7364 9290 7
8774 2763 3
10869 12491 1
5248 5715 2
5337 8584 5
8581 12449 5
6762 4023 0
12364 552 2
12466 11004 7
8722 11047 2
5483 8287 2
8812 10747 3
1994 933 3
2831 5787 5
11582 5517 5
1587 12577 7
8464 8690 3
12890 224 3
2079 11507 2
5306 6111 2
4003 4296 3
6729 2800 0
9257 11902 3
892 929 2
4285 5603 3
1772 12721 3
7897 5098 3
9888 8308 3
2602 1202 5
607 4394 0
11698 8577 2
5755 9271 3
6132 1470 3
175 7245 1
13804 472 2
5541 9489 0
9420 3009 7
8809 2957 3
13213 5922 2
9221 3057 1
9692 13250 3
5008 349 2
5930 1552 3
10597 5743 3
5503 6733 0
30 12096 2
2359 4221 2
8226 7754 0
10623 1675 0
3540 1902 2
10672 987 3
10534 2073 2
5523 13462 3
4874 4028 6
10607 9011 3
12159 12235 5
2230 8433 3
3651 10840 2
9487 12328 0
11422 6666 2
5290 2704 5
9248 10646 5
6674 13341 6
7498 11929 0
2086 9688 2
731 5060 3
7341 9500 7
2174 12711 7
4832 13302 2
1144 4175 3
3820 7563 3
9418 11988 2
3502 1939 2
12319 900 3
6790 8586 2
13615 13515 2
10325 6859 3
1406 3027 2
8641 7217 2
3283 8911 3
1276 10513 2
12282 10127 3
8521 11740 2
5529 6656 0
730 5123 2
13224 9228 3
5147 13563 5
13572 1728 3
12646 2067 4
11243 11815 2
1927 4543 3
9037 823 2
508 4597 5
9284 12095 3
9168 2621 0
7063 9023 3
546 5033 3
13374 3363 2
2256 10432 2
7985 7264 2
7905 1701 3
7828 5187 3
11136 2913 6
13627 1168 2
12793 7642 2
1538 8543 7
7794 6455 3
6861 12032 2
11030 6409 2
5157 10386 2
9613 6716 2
6871 5229 1
4724 2302 2
8474 7882 2
12566 2765 2
3700 10760 2
1512 5604 2
4645 7796 2
11786 8884 3
1998 5566 3
10660 12723 0
11683 11641 2
12887 8759 0
8305 9432 2
136 8002 2
13715 11221 2
340 10429 2
6248 13675 7
6516 3916 1
13721 3329 0
2630 10228 1
6448 11755 3
3108 13653 2
8671 10584 3
833 2971 2
3672 3803 3
7801 9429 2
7684 7491 6
8945 7504 2
3731 10439 2
5488 7582 0
8740 5515 7
11350 12744 1
4057 6777 2
741 12818 1
11379 11105 3
12269 11846 2
861 2537 4
3789 2540 3
11166 447 2
1713 9218 1
12122 11578 2
10884 8599 2
7593 6150 7
8392 9498 3
5233 3717 0
2748 1432 2
11351 6400 3
6460 6764 3
6227 663 6
2009 12186 1
7106 10999 2
2097 6935 3
7734 3214 3
11363 776 3
66 297 2
991 253 3
1275 13322 1
2779 7650 3
5370 7756 3
7697 1066 4
9431 11629 3
1092 12770 0
10224 6450 2
12560 5285 3
2547 11889 3
6209 908 3
2133 4424 2
3776 8401 2
8807 9169 5
120 10601 2
368 5886 2
9791 8762 7
10911 5921 2
4566 11302 2
12970 2028 1
6908 6352 0
4071 13162 2
7184 5425 2
6673 455 7
12968 4121 2
10922 11573 2
3515 7748 6
8366 13626 3
9289 3981 7
11089 1696 2
7934 4627 5
9740 9155 3
12734 11475 2
12797 13321 2
6309 12941 3
642 12930 2
2659 5064 2
8904 3911 2
8572 12722 2
6013 7707 3
2262 12439 3
11347 522 3
1078 5525 0
883 5269 3
12059 10250 5
13128 8625 2
11092 11463 3
6556 209 4
502 872 0
7909 13898 0
2987 95 3
9400 5574 0
3001 1123 2
13072 9056 3
13102 2935 2
13811 8446 0
312 7027 2
12775 1563 3
3336 10182 4
10317 4864 3
6759 1457 3
9079 1610 3
10503 5302 3
5470 2244 3
7004 13950 4
13297 8059 0
11364 9554 2
756 4731 3
4556 11026 2
8863 3613 3
12302 8754 5
5591 11539 2
11473 5396 3
13718 5547 2
2305 1358 3
8442 7071 1
9623 5382 3
3657 13070 3
5364 6487 3
12773 7073 2
10544 790 6
10212 11272 2
2931 10156 3
4589 8620 3
9355 11982 2
9789 8845 6
9295 12972 2
1379 5440 2
4782 8796 2
3856 958 7
1016 5482 2
4411 441 6
9619 10824 3
12817 13531 2
10497 2478 0
1782 12112 2
9779 1334 3
6179 12976 2
5749 6206 2
8139 3614 6
8828 7736 3
4110 9976 3
2423 6869 3
10947 9715 3
9097 7002 2
924 916 3
5984 7490 5
5952 173 1
9955 7959 5
2023 4375 2
13649 10890 1
1926 7611 2
12616 4740 7
23 267 3
2969 11608 5
1856 7254 3
3070 9844 3
9896 12380 5
5998 7182 3
3069 7924 3
241 424 3
4853 4776 2
13436 4717 2
220 10862 3
4532 1634 3
2434 13344 7
9473 3556 2
11492 6821 0
9763 4197 3
3587 6575 4
10025 11604 0
13470 13426 4
978 7211 2
4917 1917 5
5198 899 2
13533 480 3
8603 6970 3
8701 3169 3
12423 2718 3
3461 6511 3
8075 13295 5
3326 11957 2
3807 1598 2
13131 1361 5
5469 12027 2
1106 4554 2
2257 12585 3
12634 669 5
1339 4737 2
7968 5264 3
11285 806 2
13376 6843 5
12330 4012 3
8143 11406 3
270 2081 3
13187 2588 3
911 13727 2
1235 2959 5
6131 8563 6
1351 12573 3
3493 11287 2
9013 7255 2
5697 11893 3
1355 4542 1
2836 5946 2
12502 9189 3
12583 11751 2
2930 5352 4
13432 3012 3
1855 9944 3
10989 8330 4
6233 5974 2
3843 10476 2
4515 8814 2
7989 1411 2
4503 3615 3
12869 473 3
10775 7903 2
7534 11852 2
8751 3421 2
13919 11322 1
6963 4306 2
3702 2724 7
7524 9232 0
6388 3466 3
5261 7627 2
681 9627 2
41 11419 3
13854 13175 3
5009 10751 5
6316 4700 5
9922 2691 2
4781 3105 7
4051 5439 2
6042 6848 4
2839 11564 0
5279 184 0
8918 2984 4
1161 13012 3
10633 7497 2
1352 8979 3
11234 6175 2
1981 12155 5
5610 9172 2
794 8288 2
11519 1426 2
6201 6096 3
12078 8249 2
710 1941 2
12341 11410 2
4326 5761 2
7176 12214 2
13107 982 3
4753 4327 3
12114 8265 7
11139 4203 2
1664 8434 7
3654 5038 1
1076 4038 0
2893 12907 0
7871 200 2
9167 8647 3
10536 12562 3
11908 9599 1
2838 12718 0
7482 1794 5
10743 11530 0
8708 2794 3
1155 9502 3
2126 11644 3
2752 6224 3
7418 3200 1
820 13146 7
12061 180 3
7308 498 2
13403 5725 3
13308 6051 3
13461 4435 3
4668 1729 1
13667 2736 3
13946 8839 3
12729 3447 2
6212 7197 2
11807 13038 0
9937 6754 2
2681 615 5
7225 53 1
4233 13506 2
3397 13678 3
6501 152 5
9263 3346 5
2780 12536 3
12084 3825 3
12892 10933 2
9436 13574 5
8801 8808 2
1678 10559 2
1372 2000 1
2811 12906 3
10805 271 2
3192 1047 2
7359 4774 3
11268 10003 3
10528 12045 3
13966 12862 2
10040 10446 5
10781 4025 3
8299 3546 2
8160 1478 2
1672 1343 2
13135 6099 3
2341 8275 1
7056 13383 3
935 13762 2
11987 12888 2
467 1226 2
5562 12315 3
11835 2734 7
12631 2404 3
12660 13682 6
9108 12601 3
10019 5125 3
5102 10253 2
7383 7373 5
2315 13987 4
7112 12951 3
10103 130 4
7961 913 5
5576 3354 3
3604 8286 5
6238 1019 2
2680 4060 2
145 9678 2
10923 8903 2
6246 5479 3
4767 11087 7
10517 4491 3
7001 4900 3
6701 11428 3
13064 2108 0
3098 3852 5
7766 4722 3
7849 13605 2
2553 2218 2
678 9928 3
702 6803 3
1392 6555 2
9516 12780 1
3144 348 2
10419 1059 3
12762 8459 2
7334 6802 2
12779 9007 0
2796 13370 3
8304 5160 3
7107 126 3
12525 6392 3
3273 5738 2
1554 11352 5
12179 8150 2
10410 3537 7
3594 8193 3
10642 4536 0
5723 1230 3
1912 8005 3
6027 3971 0
2517 5648 2
13523 12627 3
2440 8362 2
3145 11565 3
11177 592 2
2732 8418 2
7864 6461 3
3482 11168 3
12913 11269 3
2903 8638 3
6479 6074 1
13827 4709 2
1227 2986 3
11380 4088 3
13890 11289 2
1577 4001 3
8022 8065 2
4596 13405 3
10732 13252 2
810 1741 3
6065 9664 3
1740 10450 2
9565 10414 6
7971 13120 0
13382 94 2
1124 4838 2
7287 7328 2
4843 2807 2
13068 6590 3
5446 11169 3
13263 11704 3
6225 2190 2
273 12632 7
12011 1500 2
7153 12670 2
6647 5137 3
13071 9419 3
708 13059 0
5058 8364 1
5900 11878 2
1188 7121 2
3973 5201 3
4441 2066 1
11535 9939 2
1052 12726 2
5680 2192 1
3146 10598 6
6414 5969 0
11891 6682 3
10822 3896 6
12021 12000 2
10769 6397 2
6751 11934 3
12587 3013 2
4982 2470 7
4244 3190 7
12998 13429 2
4410 7726 2
7815 8306 1
6034 3949 2
11513 2467 7
10681 12042 3
11533 13611 3
4794 6726 3
8076 3263 3
11374 2293 3
1456 13860 0
811 7732 3
4147 2978 2
7557 7518 3
1231 8539 0
3985 2001 2
9324 5630 2
9986 13459 2
2881 5499 0
2229 7344 0
5228 12841 2
3730 6998 4
10554 8501 7
2157 1149 2
11543 8070 2
3338 13869 3
3193 8654 2
13749 11760 2
2929 9675 2
238 7049 2
13580 10290 2
11586 12732 7
11152 11131 2
11661 7459 5
7427 3450 3
1982 10061 3
5415 9315 7
6476 5242 2
6980 13895 0
7391 8293 3
4134 3210 2
9963 4093 2
13152 13871 2
6529 638 2
2045 4701 4
2859 3921 2
6889 9851 3
2012 6056 3
11468 13345 2
2983 8344 0
7809 13655 2
11077 4584 2
11299 13759 2
3131 2678 2
2076 435 2
10723 5050 3
5472 7804 3
860 7360 2
13430 8187 6
5901 7834 5
4726 12878 5
13813 1934 0
5833 2103 0
7711 7564 1
8810 9517 3
11353 5196 7
10227 7622 1
4742 1737 2
9216 4585 3
5710 13400 2
8655 13304 3
8241 11866 2
8596 1644 5
11822 6654 6
3707 3045 2
7607 12774 5
1263 3723 0
12424 12574 4
6587 7752 1
6952 3414 3
7461 12480 7
13390 8653 3
1288 2843 2
10089 10075 3
10388 12714 0
7667 10992 3
6207 5675 3
5172 7853 3
11378 5316 1
64 13223 2
8877 12118 3
6073 10892 2
5826 11088 3
11848 4035 2
2534 2710 3
5724 3891 2
5421 2793 2
4651 2202 2
8023 2022 3
8668 5661 3
1989 3554 2
11220 385 2
979 6528 2
4857 1993 2
6844 11483 3
2175 1584 5
2274 1117 2
11328 12910 3
5730 7208 3
6492 7576 3
13011 12731 2
8404 10944 3
1166 6267 2
10069 13055 2
1575 4274 3
1277 6454 1
12031 9730 2
886 274 2
13521 12638 3
8907 13788 3
5896 12164 0
2684 4806 3
10437 8872 0
2130 10971 2
3255 6333 3
6887 3934 2
1627 6142 2
10073 788 2
12760 6259 3
1962 13608 3
4878 4936 0
7096 7150 3
2319 10283 3
6704 8248 0
5777 9433 3
8181 12402 2
6875 2331 3
281 9932 3
3984 5905 2
5400 6702 1
3053 5457 0
6761 9582 2
6048 3160 6
9616 1030 0
6662 8949 2
6921 6276 2
12317 875 2
6986 10285 3
11106 12995 2
567 10691 2
828 4559 2
8358 13494 4
8973 3076 2
3564 4647 2
3581 12931 5
12083 9605 2
6373 6156 0
11308 3895 2
452 9848 2
13619 10357 3
8800 1615 2
13877 13476 2
12572 10484 3
8867 2210 3
13464 4033 3
6268 4280 3
12522 9336 2
2310 13080 0
13737 6816 2
13565 12816 2
10794 1595 5
2541 4209 3
7148 4786 6
8927 2714 3
9106 2827 3
1023 11208 7
12838 13724 5
4141 13969 2
4321 9351 3
10106 950 3
11264 4243 2
8279 9833 2
7114 9041 2
10888 4238 4
4834 7173 4
13786 10832 2
2260 4926 3
9067 7818 2
5451 5065 6
443 10341 0
1949 5698 2
3757 4302 3
13492 8441 3
8290 6817 2
6153 12485 2
8109 3736 3
10543 13838 2
3089 4599 2
13722 1395 3
7965 1891 4
2366 10834 3
4665 415 2
1093 6335 2
5860 13445 7
7185 13704 3
789 10827 2
1825 4779 2
5322 651 2
3218 13251 1
2886 3264 1
2382 10897 3
7426 4664 5
2131 3892 3
1163 9874 2
13160 5708 6
1804 8956 2
5511 6191 2
3785 8414 0
11874 6946 7
2909 1136 2
7999 2751 6
3827 1169 2
11337 5013 5
13949 7231 3
3269 907 5
6134 2709 2
4247 12442 2
11597 7298 2
11828 12003 3
5362 6253 2
4226 7248 7
12139 5085 2
10555 8319 3
6831 3306 5
11203 6087 3
8879 1645 0
5473 13108 1
8536 12894 3
540 7165 2
13484 1781 2
13453 1214 3
7237 2318 2
8374 11969 2
5744 3770 0
616 2842 4
10838 8323 2
3690 7583 2
17 80 3
11246 418 3
2530 9576 2
7205 8712 2
9114 541 2
8298 13967 5
7507 12481 3
10749 7879 5
110 13564 3
6822 7485 3
9933 183 3
11020 10180 7
11412 9131 3
5090 11708 6
4476 11278 3
8742 12451 2
5748 11569 3
3221 9771 5
5197 10857 2
12788 12406 4
9006 11663 3
7799 601 2
8406 13509 4
78 12792 5
7730 3114 1
4688 10745 3
12305 12443 2
12957 2460 3
9225 5597 4
8651 10028 2
9479 3522 3
1498 182 3
8634 2325 2
11772 2846 5
2656 13174 0
8339 1273 7
11609 9213 3
13746 5143 4
10525 8921 5
4595 4460 5
4622 2393 3
530 4937 2
7283 8184 3
1337 12253 2
10542 13566 3
10289 9337 3
3863 1953 2
7824 6709 5
13850 5584 2
10262 13767 2
11595 12781 0
12569 8500 3
13122 13054 2
2326 717 3
6878 5426 2
13661 4560 1
9476 1122 3
4041 2565 5
656 3553 2
12871 316 3
1548 13139 5
6413 10928 5
10336 11291 2
12161 3337 3
980 771 0
740 7149 1
2927 12343 3
1469 3629 3
12038 5139 5
10546 4354 2
144 1965 4
2447 7830 3
7031 7130 2
4751 3149 2
12410 8197 2
8589 6441 2
12116 11393 3
3404 276 7
11654 10098 2
9817 6006 2
8579 12250 2
10451 396 3
13915 6644 2
1266 1609 2
12226 3592 6
2851 4826 0
10720 9647 3
5146 7235 2
7030 6468 0
13109 11201 3
13466 91 2
9784 12765 3
7319 13933 3
6391 1601 3
11568 13387 2
12840 10440 2
10048 10349 7
7669 11129 2
12440 4969 2
9720 11635 3
2759 12527 2
1574 12387 3
8273 8145 2
7636 9876 3
2583 6105 3
12007 8389 4
3926 6926 3
754 8902 2
9005 4142 5
5899 5560 2
1733 1007 3
2879 2096 3
8732 9140 2
8769 8232 3
7769 7407 3
10896 8587 5
11093 4409 1
3372 96 2
7157 8985 5
13881 7522 3
10396 6015 3
12703 7920 2
1251 11850 3
1459 5462 2
8129 9095 3
11843 205 2
5465 11250 2
8765 11827 3
11606 2601 3
11516 6985 3
8383 3812 2
8329 11736 2
1195 2915 7
7696 2137 3
12493 7226 2
13839 6000 2
6634 4911 2
11182 11919 1
965 759 7
7297 1002 2
1616 13169 3
13690 9813 3
4114 4851 2
10705 4562 5
7382 9548 2
2386 13006 3
8089 13843 2
3940 10138 3
5739 1509 2
538 3872 2
3491 10618 3
2620 12551 3
2596 8946 2
2631 4670 3
3399 7389 4
13346 2259 3
3794 4610 3
11899 10591 2
8237 10031 7
8665 1497 3
3424 109 5
3721 13036 4
13750 6431 7
6280 11669 0
11017 5879 3
827 5260 0
13955 10226 2
162 3247 2
13702 12533 2
1060 12373 2
524 4500 2
7652 11448 2
6849 4996 3
551 2901 3
7219 3839 2
5029 3353 2
3297 10972 3
3128 4947 3
4450 11144 2
5459 11576 1
12356 4300 2
12316 9417 3
8082 4042 2
10966 10142 2
10004 11058 3
5783 13142 2
2334 7265 2
4868 2991 0
10667 9545 3
4120 2592 0
12192 6602 2
3252 6023 0
11069 3455 3
7581 8354 2
3507 1311 3
517 1751 3
4941 3115 2
10247 3570 0
10395 1096 1
10877 10916 0
4882 8164 3
13538 10163 5
3279 10245 2
9411 1344 3
13520 12444 5
3893 7453 2
9510 13560 2
9215 1966 6
5892 5106 2
11048 605 0
5442 3403 2
3830 9575 0
2455 13483 3
3086 13141 2
7556 6778 2
7279 7758 2
3935 1309 3
4953 8137 3
7065 9589 5
2755 3085 7
5916 13896 2
11081 4374 7
4633 12285 3
7017 12220 2
9254 9846 3
9744 12993 2
8141 7155 3
10643 12344 2
4998 8531 3
5074 7342 2
13689 3006 2
13197 325 1
6544 6092 3
12068 3653 3
6256 2095 1
13845 11925 3
4921 6818 2
6422 13379 3
12360 6032 3
11312 5912 3
7615 7347 6
4987 2479 3
10323 7131 0
6568 5789 2
13485 6941 2
845 12110 2
12375 11398 5
12002 11162 2
8130 8804 3
7303 7738 2
8609 9652 2
2159 6888 5
413 4002 3
6345 8878 2
11937 1996 3
7366 10006 2
6329 2866 2
1948 2950 3
9536 587 3
7810 8568 5
1771 13145 3
1638 8372 3
1286 9133 0
11184 13590 1
4733 10511 3
7768 9710 3
12988 10096 7
6585 5405 2
5215 8174 3
12759 599 3
2333 12080 2
10333 4800 3
10510 4758 2
7988 5217 3
13103 7872 2
3939 9943 2
12077 3267 5
8569 11373 3
7944 2747 2
4827 7936 5
5641 11491 3
2884 13573 3
13388 6351 2
2207 4423 2
12746 7509 3
1534 2291 2
6371 4592 2
10518 10496 2
3127 3025 1
4125 10939 0
2493 1987 3
10200 9633 5
2910 2826 3
7826 13079 3
433 10711 5
13817 2558 3
11321 9141 2
5711 13547 5
1200 4852 2
5817 6263 1
12996 7601 3
9191 7343 3
3701 1717 2
12026 6221 3
4303 3682 1
9761 9603 2
9045 3953 5
4363 633 3
4032 9908 1
563 6536 4
2514 5278 1
9606 1445 2
5107 1085 2
8752 11596 3
3798 277 2
3319 5220 0
9333 4680 4
4473 8427 3
4727 1336 3
7036 723 2
11414 2495 2
8731 13809 3
5094 6989 3
12877 8078 6
7710 9770 3
10352 5015 3
12263 12459 0
4561 1143 3
10678 10256 6
7201 5947 2
7782 10083 0
6770 6913 3
12597 1914 6
6218 1582 3
3104 12411 2
1424 9443 7
13792 2236 2
2436 11959 3
7309 6473 2
9422 1477 5
7257 13571 3
880 4721 2
310 10280 3
4672 8711 2
421 8455 2
7379 4223 2
13371 10803 0
1447 9617 2
1164 12613 3
3457 11544 3
11795 13781 3
7126 2469 2
2686 4970 3
8465 13414 7
12962 12420 0
11225 3164 1
5200 6687 0
12745 7445 2
6116 3503 1
388 3598 7
12194 8728 2
13833 11718 0
4605 5124 5
2862 4040 2
12097 5703 5
5904 7075 3
10804 7927 2
11923 5674 6
8471 8480 3
6868 6655 2
2509 390 2
5257 83 5
3117 2100 2
1303 7189 3
5821 7324 2
8781 6296 4
2209 6402 0
1744 7998 2
10761 3046 3
12405 11553 2
10553 299 1
35 7889 7
895 9335 2
75 4702 3
13847 8214 3
3968 3923 2
3715 10934 3
7154 13254 1
3389 7419 2
5682 1064 3
10713 12614 3
10303 9052 2
6107 13591 2
9492 13266 0
7304 7437 3
4245 13113 4
5987 4427 3
3212 6517 5
4309 4887 3
13735 3687 3
2646 13047 0
1116 9759 3
6813 4284 2
5688 2774 5
947 13793 7
7573 2511 5
10938 12354 2
1536 11662 2
13584 6919 2
7878 1954 3
12790 11701 3
3765 693 7
13157 5524 3
5762 13204 3
2858 4312 3
8357 9262 2
6820 12286 3
13242 544 2
4839 1199 3
1892 8789 0
819 111 4
927 10284 7
13810 5219 2
9660 8519 2
5141 8734 3
13862 3362 0
7996 695 0
4783 6576 2
1450 9850 0
6239 12633 4
3548 8425 5
7813 9091 0
7125 12868 7
12768 10181 2
7561 6419 6
6721 9840 1
8768 9008 4
12136 2932 2
9679 10750 1
13923 7387 3
1919 6557 2
6927 6974 3
4816 2087 2
2075 6363 3
8185 12526 2
5707 4139 3
10929 211 7
6718 2837 2
10654 5304 2
10034 2729 0
4613 3462 2
7468 9010 2
11489 11421 3
1421 11579 2
11010 2675 2
4013 11967 0
10185 10192 2
8295 13398 3
11307 10610 3
5156 5453 2
13004 12470 3
7159 1677 2
5406 4059 5
204 1700 3
3861 1152 1
8885 6994 3
2507 2867 3
5988 10088 2
5693 5410 6
4346 4407 3
12234 6832 3
6968 8449 0
7519 7097 2
3235 10166 3
10135 6708 2
10195 10011 3
4862 8026 0
9711 11633 3
13554 10507 3
1433 11339 2
12218 3828 2
4835 7538 7
6270 946 2
10734 5189 3
7449 1540 3
10287 4138 2
292 10238 3
9249 5801 2
6038 1985 0
4159 3525 0
218 9749 3
9621 6043 3
10189 4083 2
2539 88 5
9528 5619 3
3527 13980 2
11875 6356 3
6230 13084 3
12448 11417 3
4425 9147 1
3772 11724 4
3375 13939 2
11865 2201 2
4641 3174 2
438 1466 2
1089 12228 3
2772 770 2
1822 5502 3
5484 2679 3
7276 8066 2
7088 2692 2
9897 2463 2
3980 12237 3
869 4434 2
8450 6686 5
4017 10873 2
3476 7701 5
9722 6342 0
4963 6993 2
6697 9624 3
11763 9330 3
12060 266 2
9947 11534 3
2934 7009 3
5798 12023 5
1870 12494 3
7821 591 2
9399 4741 5
9485 13021 2
7012 6244 3
5582 12953 4
6954 7533 7
11719 12137 7
11206 3376 3
943 77 6
918 5305 2
141 5958 5
6203 13561 3
2574 620 7
8254 153 2
6786 7011 2
9642 6393 2
12251 10710 3
1298 11413 2
7958 10994 2
7029 11607 3
289 7052 2
10718 4467 7
574 10187 3
2099 4432 2
3910 8576 2
12382 8360 2
11761 11495 2
11479 2235 1
5520 10538 2
1204 9286 3
6607 4132 7
8853 12372 2
2899 12111 3
8180 9872 2
890 9902 3
4629 6302 3
1597 11990 2
5268 6750 2
834 11409 3
11853 5997 3
8225 7721 2
2124 8496 2
9116 2936 4
13406 9745 0
6114 12516 7
7532 7053 2
9921 2683 2
156 12977 4
6943 11537 0
4966 12236 3
13650 11159 5
10596 4266 2
11627 4539 2
13350 10976 3
102 11895 2
11617 2481 5
12242 9957 3
7683 6665 2
13161 2303 2
622 9776 2
13951 2375 3
12438 6969 3
6442 4366 5
496 3728 2
6484 13516 3
5859 10616 2
1410 10914 2
8561 1330 2
11482 4858 2
7177 12989 2
4682 2754 3
12090 12258 2
6892 8984 0
3975 12653 2
4860 1923 2
8611 9380 1
10246 12979 3
12914 10441 3
3845 4713 3
1097 8805 2
11432 12519 3
1579 11584 3
4166 7055 2
13806 2642 3
13347 4228 0
10046 11288 7
2529 133 3
2623 13908 2
2427 5336 2
4769 8394 2
9696 7410 2
2981 8379 2
8410 6525 0
13581 2762 3
437 1830 2
3094 7023 6
10160 9365 3
7887 2312 7
2715 11297 1
7284 750 2
5129 3302 2
13488 135 0
9936 598 7
207 6113 2
9322 1972 2
12187 5956 0
381 12550 2
1325 4628 3
5427 10683 7
366 245 3
5809 6054 2
11517 3037 4
7228 2798 4
4530 6070 3
945 11555 2
5633 4317 2
10459 7893 2
380 1074 7
9898 11839 3
12740 13782 6
2093 12982 2
1473 2702 0
7743 11514 3
5815 11049 3
11512 10876 3
6076 9174 2
2351 11199 2
10998 13253 2
6143 581 2
817 11100 3
5104 13214 2
9823 10421 3
10043 13065 2
11625 9325 3
10154 2941 2
10037 971 3
850 5492 1
5357 1693 2
9148 5491 2
10242 3925 2
9484 6618 7
4663 11450 2
13148 7835 3
8162 6464 2
2939 2633 2
4602 6669 3
13873 5155 0
10420 4471 3
1103 13196 5
9308 7631 3
13964 2129 3
2527 2649 2
5012 9371 2
985 5927 3
1974 4867 2
621 10762 3
7531 12691 3
410 3769 3
9039 9143 1
2948 12905 7
3933 597 2
6457 1623 3
10157 9467 3
3143 5246 3
7898 7869 2
1820 4497 1
1428 3599 7
1796 1606 2
1971 6286 3
4448 7677 5
10356 10717 3
8542 11391 3
13529 6672 3
1280 4055 2
404 1003 2
11532 287 0
2945 7855 0
5870 6901 4
9231 13362 7
4452 1860 2
5760 8257 2
864 11345 2
2344 5334 4
7740 7020 5
10949 10442 3
6123 679 0
1665 3360 3
1192 4679 3
2665 118 3
12795 12351 3
12124 2677 2
8230 11583 2
4368 1065 3
3530 13606 3
3205 7699 2
4994 13153 7
5932 7847 2
10117 376 2
13349 5134 3
7171 10843 3
10278 12244 2
3021 5970 3
12673 2161 2
9630 5036 0
12469 8600 3
4836 303 2
2102 12048 2
5250 1635 2
1440 6546 2
9893 4255 6
13534 13209 7
12178 7617 0
12755 2329 1
11655 11318 5
10052 7729 2
13837 13628 7
8363 12047 2
6251 3914 2
6923 6228 2
5923 3153 3
7087 2593 2
13306 7750 4
8691 9649 4
4999 4798 3
9706 5466 2
1631 9669 3
8777 10218 2
11423 11567 5
10986 13130 3
2203 58 2
13669 2849 3
2394 8953 3
9390 1154 2
5420 1252 2
9535 7047 1
4444 6396 7
2409 4676 3
7321 2557 6
1133 3957 2
10707 6430 3
8698 3640 3
12445 11356 2
10042 12672 7
4313 7374 2
7000 7612 3
1930 1008 5
5806 1620 2
1775 12544 2
1255 7526 2
2051 13748 2
9292 11488 2
7285 4481 2
479 2021 3
2214 11674 0
13680 7111 0
3358 1068 2
11640 2227 4
4594 9454 3
1549 1766 3
8873 7203 2
3619 699 3
13329 13656 2
7187 1357 3
719 13372 3
3841 9149 2
5118 10234 3
8495 11367 2
167 9194 3
6890 9003 3
13309 7767 5
13491 13301 3
12621 10399 2
11637 3453 2
9166 6384 6
13894 9656 5
1513 6177 3
7919 765 3
670 5532 3
12948 6766 2
2330 10379 5
2083 8992 3
11013 2320 3
11577 146 3
8173 11685 2
1353 13397 2
10495 825 2
6800 721 3
13582 10665 2
9755 6593 2
11481 7633 2
5717 6362 2
5549 6170 3
3766 13674 3
13357 177 2
10883 3011 3
2328 2278 3
5349 12939 2
12426 1545 3
10533 392 3
8974 8554 3
12928 11444 6
9531 3713 3
857 13959 2
5667 3062 2
5464 11556 2
12960 725 3
10016 5354 3
1100 7414 2
13660 6628 2
13947 97 2
3342 11671 3
3063 10969 2
8067 7470 5
9344 6826 0
2676 314 2
12482 8901 2
4650 8604 5
10801 11436 3
11559 2921 2
1720 2474 2
1572 8623 3
12549 4582 0
13230 10009 2
1407 1922 2
4964 8894 2
5386 7761 1
1646 4739 7
11045 1265 3
9000 10663 3
12099 2024 4
4865 10566 2
8426 9981 3
3962 9719 3
1658 2880 3
12828 1305 3
10852 705 2
516 13744 2
13844 8157 2
10331 4248 5
11490 11538 5
5076 1120 3
829 2923 3
12052 6247 3
4657 8429 3
9637 8234 2
3198 9038 2
3039 11402 2
10366 7904 3
3026 12725 0
12365 11141 3
12337 11670 2
9015 11256 2
6289 12708 4
5521 12431 1
13073 11235 0
7955 4442 2
8246 6019 3
5455 6543 2
2032 10041 4
2487 11140 3
4805 11405 0
4501 995 2
11340 10515 3
32 11696 2
5838 5181 2
13188 12717 2
9954 13998 7
12030 11926 4
6164 5968 2
334 5745 5
11739 8208 3
925 12897 2
13496 11161 3
5266 6166 2
5606 5990 3
4992 6609 2
6984 13478 1
13696 12856 2
8006 7823 4
7600 12671 0
3289 5857 3
5353 4463 6
4505 9395 4
1865 11869 2
10629 4325 2
13857 4101 3
357 6200 2
12367 8058 3
5046 13235 3
1964 10628 3
8786 11749 2
461 12366 3
9259 12278 5
585 8203 2
2990 8476 2
1849 12739 3
13392 13267 2
7151 4546 2
5230 1544 7
2825 13424 2
2850 261 3
3437 6553 3
6689 8445 2
11128 10062 2
1935 6325 0
5890 9542 4
9112 2655 2
5639 5207 3
2503 7316 3
8140 7315 2
11824 8475 4
214 870 3
3406 5975 3
12802 10001 3
9572 7108 2
9935 3563 3
3821 11733 3
391 431 2
11873 4848 0
12606 11186 3
2997 2425 2
1801 1762 6
566 10796 2
5781 7896 2
5898 7686 3
2870 5356 4
12798 484 2
10322 8033 3
5972 347 7
671 5575 2
11894 4732 2
6133 3543 0
5677 6243 2
11717 1135 3
2106 10136 3
7681 5120 2
8605 930 4
1257 9287 1
12211 10392 3
3950 10373 5
5750 114 2
2451 5341 3
4117 5673 3
8278 2749 2
1747 4211 4
6591 1084 7
13373 1799 6
6728 13944 2
6959 1946 0
5042 6160 2
10330 9273 3
1374 5747 7
4282 5557 5
12104 10314 2
4456 4907 3
5563 10084 7
11599 8060 2
3452 7839 5
10856 8727 2
10295 8559 2
11194 12174 3
2536 10105 2
1201 10433 2
9673 13934 1
13512 12940 3
6062 203 2
13091 2550 2
11193 942 2
51 1633 2
1888 1824 2
8773 7402 2
7685 13983 0
13475 11968 0
8897 8663 2
8866 865 2
12895 10967 7
2576 2385 3
9173 8770 3
6093 1681 5
4525 4293 3
3183 4000 0
6214 3366 2
12260 13143 2
9584 12650 3
3904 11713 5
1703 4180 1
1223 13050 0
8835 3107 4
8829 10847 6
6382 5893 2
5820 1663 3
1547 4764 3
1053 694 3
2563 3275 2
5394 10563 4
12046 10306 2
442 10213 3
10070 13558 6
7354 2358 6
11190 13646 2
13066 703 2
10390 4218 5
1581 13417 7
7973 6577 2
3435 11051 3
13241 5079 2
2387 11362 7
11442 12349 3
4371 11600 3
8817 4564 4
5950 1603 0
11315 5303 2
9512 9094 3
3902 10403 3
5569 5178 2
6616 9383 2
8995 12992 2
335 10469 0
847 6462 3
8092 5097 7
291 8865 3
10626 7098 3
2562 8503 5
7698 8483 3
10032 11580 2
1736 5258 7
7975 10394 2
5435 6199 2
952 4445 7
13203 9581 3
11390 5754 3
5284 7943 3
6611 12980 2
5332 9574 7
561 3775 2
8619 2430 2
840 3060 2
8766 2223 3
7544 11035 3
3051 8869 5
4259 4267 3
8649 8084 0
10411 10175 1
2888 13551 3
989 6744 4
12358 5296 2
12570 7980 7
2615 7541 3
3095 7413 3
11709 12195 3
11429 45 2
12082 5162 3
10638 1382 2
12024 3075 2
8052 2809 2
8195 10252 3
4201 11101 5
12588 3623 5
966 8707 2
7901 2459 3
4601 11976 2
4662 8017 2
4089 1879 7
6880 3609 2
5509 5244 6
11687 4886 2
2552 11022 2
9772 8020 2
12923 12783 2
5028 8594 3
8718 2065 3
5767 6660 3
5431 1127 6
3377 12313 2
10630 3242 3
7575 5660 3
11858 12528 3
10545 2370 3
8854 8215 2
9641 10537 3
9971 2805 0
12804 11358 2
2115 11171 2
767 4796 0
12300 10274 2
3638 10038 2
13879 10203 2
5612 8565 7
12230 9486 0
13471 10443 2
7640 5445 3
2520 11146 2
2954 6366 2
10208 11459 2
13734 11338 2
11084 9884 2
1991 364 3
2379 4809 2
13819 6931 3
2604 4151 3
7242 9412 0
10728 10036 3
3133 12004 3
65 5255 4
1724 3644 2
2050 11148 3
7072 9917 3
3317 7621 0
10311 9509 2
8555 11575 3
11222 11134 2
9824 6204 3
4171 2966 2
1933 6469 2
6519 4367 4
572 3151 2
10186 5126 3
1607 7139 2
9128 2252 2
4122 12836 3
6416 1094 3
3238 4018 3
9529 6594 0
10844 4104 2
11587 9374 3
10261 773 5
12345 7528 1
2988 4331 2
5999 13061 2
1091 5293 2
1297 11879 3
10995 5810 2
7619 11849 5
8399 10361 3
8222 10899 2
11348 11403 3
5516 8316 2
2037 10210 3
4008 3298 2
13009 4771 3
5848 11734 3
9821 11424 4
12648 9760 3
7411 4167 2
12629 5096 3
57 11951 2
849 12626 1
1242 10367 2
5116 657 2
6739 13111 3
9107 11672 3
2810 614 2
8892 12666 3
12158 3040 0
7911 8220 1
13260 9865 2
3017 520 3
5866 12303 4
11239 4172 2
227 2606 2
7508 984 6
6202 10789 4
4329 8721 3
12617 3549 3
2968 6753 2
13800 807 2
7840 1191 2
3024 12801 3
12847 4995 3
2897 1792 2
1416 12262 3
8955 11913 5
8687 526 2
4506 6748 7
12202 11425 2
5339 9727 2
12850 11796 4
4521 12764 7
7135 3814 3
7441 8034 0
7122 1364 3
6626 13868 4
9370 6219 3
3938 11418 0
6997 9541 2
13666 6876 0
8351 3294 6
5288 885 0
816 13010 0
7191 10024 0
4399 10895 3
9204 378 3
2977 3285 2
1190 11956 2
10807 12511 2
10145 6085 1
12981 10023 3
10846 9569 0
4846 5537 7
6839 1519 0
12169 13938 2
11924 9303 2
6174 649 2
9066 2090 2
1356 4932 5
4981 8126 5
6216 6730 2
5180 5756 3
9672 8738 2
195 2016 2
4949 2953 0
4343 9243 2
11000 4193 2
7299 3468 3
3509 8791 3
1901 10324 3
27 8428 2
4052 3483 2
125 9526 3
2453 7749 3
9985 2395 2
3356 6842 3
2026 894 0
904 10092 2
342 11805 3
6417 10161 5
1139 6982 2
11274 9366 3
3479 1868 3
11677 3681 3
6049 3888 2
3885 10384 3
7224 9661 3
2264 9699 3
613 3555 0
10086 4854 1
12581 1 5
8049 2654 0
2380 2194 3
2906 6326 2
5935 4576 2
12636 3580 2
9212 4004 3
8142 7361 2
9455 10072 2
12557 423 2
463 6720 3
4191 7238 5
6288 2760 0
6658 1813 2
7048 12523 2
202 5327 2
891 10634 2
2723 5764 3
3955 1105 6
13258 2179 3
11382 2900 2
10147 5963 3
11903 12917 2
5779 8747 3
4577 13587 3
2285 10651 2
2864 6277 2
9747 12274 0
10221 4510 3
12720 8566 2
1345 5864 0
3733 5917 3
6291 101 7
1758 2347 0
9903 279 5
7444 5627 2
8452 11211 2
9794 5130 5
13586 9707 3
2007 10689 2
3740 9210 2
8110 10047 3
5171 12925 3
11877 8134 4
10918 12259 3
7134 8398 2
9016 4870 2
9594 1602 3
2417 1624 3
1048 11757 6
3291 6187 2
12784 6782 2
1707 13754 3
3810 4609 2
758 5227 6
3439 6874 3
11522 1425 2
1142 2216 3
6530 12524 2
9718 1761 2
941 2107 2
5454 427 2
3295 9924 2
3266 6223 3
8928 940 0
8941 10906 2
9072 13408 2
5374 1896 2
6550 12005 5
8462 523 6
10680 5629 2
5115 9990 2
3378 10188 2
2885 12056 3
2163 5631 0
4082 10907 3
12881 3858 2
8327 13129 0
6642 13936 2
1846 12430 3
7331 654 2
13760 10605 2
1613 5653 2
6488 12183 2
11767 7609 7
9020 3666 6
10207 5979 2
12858 10739 2
10059 3719 2
4454 3523 2
11151 12338 5
8524 4690 3
6046 6507 2
193 5082 2
7755 12664 2
12735 9046 2
10980 501 2
12115 2961 2
7388 13076 6
11383 9505 3
2521 10374 5
5937 1566 7
6743 1306 3
1911 4902 0
2180 12707 1
10453 8482 4
9034 8745 3
6737 1977 2
13287 13670 3
7024 4106 2
3601 9515 7
986 12087 1
2510 3387 3
5295 12705 2
10286 8670 3
2368 5873 3
5448 8821 2
5518 5962 3
12657 11477 3
1247 2220 2
11647 6331 6
12596 9717 1
13773 2167 2
3942 7090 5
382 6584 3
13134 1742 2
13900 3610 3
451 10492 2
8210 11684 4
397 13943 2
12712 5882 0
12478 9768 4
4971 2619 6
6795 5263 2
13396 2003 2
4271 8388 2
10350 518 0
6452 11789 2
645 13186 0
1589 932 3
9826 3680 2
2398 5780 1
6494 2118 3
5602 8259 2
9447 2458 3
3763 11375 2
2364 8702 2
4275 584 1
4849 8850 3
11918 5222 7
3184 3134 3
4391 919 2
1180 13982 3
1404 11090 7
5447 7931 2
667 13973 1
370 2391 2
1218 10806 3
9857 1304 2
10494 10269 3
4257 6079 5
5007 4844 2
6408 2092 2
10588 11777 0
6152 5148 7
3943 2422 3
2246 11750 2
6884 1269 2
132 4333 3
10652 10308 4
6365 13486 3
2419 4496 0
4587 7249 3
627 3088 2
3884 13648 4
6102 6205 3
12107 5543 2
12535 6547 5
10183 1431 3
3936 4802 3
9514 8648 2
5131 464 3
7851 3321 0
7703 150 2
11213 7132 3
1125 315 2
11202 954 2
10215 9983 2
1895 7160 3
1057 8310 2
13814 7626 1
12461 13127 3
11330 11653 2
10613 10930 2
8856 1393 2
2355 9364 3
6360 9145 5
2253 973 3
7785 1961 3
658 12334 2
4975 5186 0
12414 12434 6
7446 4115 2
3918 1722 3
12076 8267 2
8083 13121 3
6403 3429 2
1222 6072 5
10617 11344 2
9544 6899 2
7104 12743 3
4413 5926 3
6847 9312 5
13023 11399 3
5021 11735 3
11728 4183 2
3533 87 4
5843 7819 2
11138 13585 1
5978 8571 2
586 6091 5
12163 3732 3
5891 8056 3
429 12556 2
8858 2036 6
8923 4640 3
8182 1423 2
609 189 7
8008 1950 7
3590 5823 2
5770 10344 0
6135 4553 3
2994 6304 2
3727 6456 3
10081 13719 2
3073 2442 3
9299 9899 3
6140 7355 3
10159 12748 2
10277 4803 3
138 10951 0
11015 7724 3
1800 8003 0
11470 7812 3
7421 2555 1
8263 6566 2
8322 13225 2
12547 2924 2
537 7296 3
1682 4189 2
4762 3851 3
9137 6282 3
5954 12299 3
13740 5752 2
13300 12050 3
8115 5436 3
6684 9103 5
1857 3722 2
3484 13366 2
7010 1986 2
1186 1877 2
6383 9237 4
3691 7884 2
1153 4707 2
9889 10632 3
12761 13418 0
5385 6742 2
12352 11897 2
4608 7757 3
2502 12261 2
8526 553 2
5526 12958 7
403 4519 5
11377 1947 2
10211 9158 2
6340 10580 2
801 11137 3
6515 13981 5
7792 6108 0
7397 5205 7
6039 10184 1
13687 10573 5
2123 7845 2
5778 1384 2
2381 8219 5
1510 6234 5
1170 9726 7
2084 247 3
5055 3234 1
10620 13514 1
11747 2019 6
8397 3018 2
10054 6532 2
12800 46 2
5689 6787 7
10748 5355 2
10264 877 3
4091 3516 2
1207 11744 2
230 2776 3
1511 10694 2
3312 9073 2
6794 8211 3
10954 13026 2
9031 10576 1
7679 7042 3
164 10321 2
10282 7362 2
9014 9870 3
7661 4264 7
4778 4472 2
6606 11985 2
1841 2904 2
10790 7537 2
11028 660 3
5836 9906 5
13555 6962 2
9863 13137 3
1399 11798 2
7161 7469 3
3194 7183 0
4523 13440 3
10307 7058 1
11826 7295 3
2059 1757 2
9054 10858 2
3930 4242 3
13753 1750 5
3970 6925 3
8760 7877 4
8567 3735 1
2840 9327 3
6376 4723 2
11003 13184 7
8661 6269 7
10886 11588 2
13355 2801 3
5877 13596 2
10458 317 0
4390 10758 7
8658 3199 2
11682 7914 2
8799 13419 2
9442 5771 2
6613 1051 3
