[[ 22  18   4   2   2   0   0   1   0   0   0   0   0   0   0   0   0]
 [ 15 185   3  38   9   0   0  26   0  10   0   2   0   0   0   0   0]
 [  5  14 153   0  39   7   0   6   0   0   3   0   2   0   0   0   0]
 [  0  57   0 370  11  10   6   4   0  75   0   7   0   0   3   0   0]
 [  0   8  27  22 442  11  10   3   0  21  29   0   6   0   8   0   0]
 [  0   4   6  53   6 432   9  34   5   1  10  24   0   2   3   0   0]
 [  0   0   0   2   6   1 191   0   4   0   0   5   0   1   0   0   0]
 [  0  16   1   9   0  19   0 373   4  16   0   1   0  32   4   1   0]
 [  0   0   1   0   3   8  15   4 163   0   0   1   2   1   1   0   0]
 [  1   0   0  37   2   3   0  40   0 344   2  15   1   0  19   0   2]
 [  0   0   0   0  41   3   0   7   0   6 144   0   0   0   7   0   0]
 [  0   0   0   9   4  17   2  11   1  29   0 340   4   4   1  40   0]
 [  0   0   0   0   6   0   1   0   2   1   0   7 176   0   0   4   0]
 [  0   0   0   2   0   1   1  24   1   3   0   5   0 151   5   0   0]
 [  0   0   0   1   1   0   0   1   1  14   1   1   0   4 122   0   0]
 [  0   0   0   0   1   0   0   1   0   2   0  18   2   0   1  87   0]
 [  0   0   0   0   0   0   0   0   0   0   0   4   0   0   1   2  39]]