[[ 44   1   2   0   0   1   0   1   0   0   0   0   0   0   0   0   0]
 [ 46 183   5  24  11   3   1  35   0   5   2   4   1   0   0   0   0]
 [  6   1 176   0   7  10   0  12   0   0   1   0   3   0   0   0   0]
 [  6  74   2 283  10  36   4  13   0  70   2  10   0   4   4   2   0]
 [  2  11  59   5 367   6  32   6   2  21  66   2   6   0   0   0   0]
 [  0   1  14  38   3 455   3  23   3   3  16  39   1   1   1   0   0]
 [  0   0   0   7   2   5 187   0   3   0   0   5   0   2   0   0   0]
 [  0   7   2   3   1  43   0 328   2  15   3   3   0  33   2   2   0]
 [  0   0   0   0   2   7  14   0 165   0   0   0   0   8   1   0   0]
 [  2   1   2  15   5   2   1  39   0 368   2  26   2   1  24   2   1]
 [  0   1   0   0  22   2   0   5   0   4 146   0   0   0   6   2   0]
 [  0   4   0   1   1  12   2   3   0  32   1 361   7  17   0  34   4]
 [  0   0   0   0   0   1   0   1   2   6   0   5 172   0   0   6   0]
 [  0   0   0   0   1   3   0  16   2   2   0   7   0 176   2   0   0]
 [  0   0   0   0   0   0   0   2   0  10   3   0   0   5 121   0   0]
 [  0   0   0   0   0   0   0   0   0   0   0  14   1   0   0  94   0]
 [  0   0   0   0   0   0   0   0   0   0   0   1   1   1   0   0  42]]