[[  0   2   0   0   0   0   0   0   0   0   0   0   0   0   0   0   0   0
    0   0   0   0   0   0   0   0   0]
 [  0  22   1   4   0   0   0   0   0   0   0   2   0   0   0   0   0   1
    0   0   0   0   0   0   0   0   0]
 [  0   0  17   0   4   1   0   0   0   0   0   0   0   0   0   0   0   0
    0   0   0   0   0   0   0   0   0]
 [  0   8   0  40   4  23   6   0   0   4   0   4   0   1   0   0   0   0
    0   0   0   0   0   0   0   0   0]
 [  0   1   9   8  73   6  13   4   0   2   5   1   4   0   1   0   0   0
    1   0   0   0   0   0   0   0   0]
 [  0   2   1  18   2 126   3  11   3   1   0  23   0   3   1   3   0   4
    0   0   0   0   0   0   0   0   0]
 [  0   1   0   2  20  12 127   0  14   4   2   4  21   0   1   1   0   2
    1   0   0   0   0   0   0   0   0]
 [  0   9   0   3   3  43  11 139   5  21   3   6   6  37   0  15   0   1
    2   0   0   0   0   0   0   0   0]
 [  0   0   0   0   0   7  21   7 113   2  25   2   0   2   7   1   4   0
    0   0   0   0   0   0   0   0   0]
 [  0   8   0  22   0  10   3  13   3  98   1  42   3   2   3  27   0   9
    0   0   0   0   0   0   0   0   0]
 [  0   0   3   1  11   3   5   4  16  12  99   1  13   0   0   5   7   1
    1   0   0   0   0   0   0   0   0]
 [  0   4   0   1   0  32   3   3   2  26   2 178   4  10   0   6   0  21
    0   5   0   0   0   0   0   0   0]
 [  0   2   0   0   2   6  23   2   1   6  12  13  87   2  15   2   0   2
    9   0   0   0   2   0   0   0   0]
 [  0   0   0   1   0  11   0  21   2   4   1  39   7  96   3  29   1   8
    2  27   1   1   0   0   0   0   0]
 [  0   0   0   0   1   1   7   0  10   1   6   4  21   5  90   6   7   3
    0   5  12   0   0   0   0   0   0]
 [  0   0   0   1   0   1   0   3   1  18   5   4   0  17   4 153   2  16
    1   2   3   3   0   0   0   0   0]
 [  0   0   0   0   0   0   0   0   4   0  14   2   1   0   6   5  48   0
    3   0   0   1   0   0   0   0   0]
 [  0   0   0   0   0   0   0   0   0   5   0  20   0   1   0  19   0  64
    4   7   2   4   0   0   0   0   0]
 [  0   0   0   0   0   0   1   0   0   0   0   0   7   1   1   0   7   2
   43   0   0   0   0   0   0   0   0]
 [  0   0   0   0   0   0   0   0   1   0   0   9   0  10   1   3   0  20
    0  45   0   4   0   0   0   0   0]
 [  0   0   0   0   0   0   0   0   0   0   1   1   1   1   8   2   0   0
    0   4  22   0   0   0   0   0   0]
 [  0   0   0   0   0   0   0   0   0   0   0   0   0   2   2  11   0   4
    1  17   0  31   0   1   0   1   1]
 [  0   0   0   0   0   0   0   0   0   0   0   1   1   0   1   1   1   0
    1   1   2   1  17   0   0   1   0]
 [  0   0   0   0   0   0   0   0   0   0   0   1   0   0   0   9   0  15
    1   0   0   7   0   7   1   0   0]
 [  0   0   0   0   0   0   0   0   0   0   0   0   0   0   0   1   0   5
    1   7   1   0   0   1   5   0   0]
 [  0   0   0   0   0   0   0   0   0   0   0   0   0   0   0   0   0   0
    0   1   1   4   1   0   0   2   0]
 [  0   0   0   0   0   0   0   0   0   0   0   0   0   0   0   0   0   0
    0   0   0   0   0   0   0   1   1]]