980 11712 2
4148 8436 1
13058 9587 3
3229 12286 2
12471 11892 2
5571 10427 2
1216 2796 3
11962 11427 3
1638 8195 3
8856 9935 2
9418 12311 3
2958 926 6
13783 13915 5
10316 269 3
2028 12676 0
11041 11386 0
9171 13153 2
792 8881 3
10695 4969 3
3305 9503 2
13389 10369 5
3275 5598 2
6954 813 6
6701 1304 2
1136 2772 2
2320 9118 3
5969 500 0
12218 13543 3
8938 3042 3
12920 7741 3
1013 8228 2
5720 10824 6
3956 12583 2
4593 4648 4
10012 12607 2
11593 1183 5
2399 2750 3
9784 7469 2
8646 1598 4
12314 2783 7
410 3009 2
10025 11328 1
2387 13684 7
9539 7656 5
10373 10342 2
587 4784 2
7100 3533 4
3219 9480 0
12429 13259 2
12076 10919 3
9043 13241 2
11846 8781 7
7570 2640 2
13848 12269 2
169 4017 7
11662 11385 0
10055 5572 2
1712 6207 3
10668 9960 2
13842 3257 3
13693 227 3
11285 2524 2
13874 11276 7
9492 5783 1
10265 7198 3
9424 4685 2
13420 11630 2
723 2798 3
8096 9357 2
12054 6233 2
13069 8937 3
10160 10138 2
1669 13700 2
12849 10530 2
10366 12798 2
6267 11237 5
2359 7921 0
3724 1373 2
12586 12597 6
4038 6084 0
2817 5962 3
4132 10509 6
170 12328 2
9722 8618 3
6563 12742 5
6241 12158 3
6530 7237 2
12100 1753 2
5997 6279 7
13139 4957 2
933 1655 3
11072 11364 2
1923 10544 7
6291 9455 2
9260 4996 2
12655 8705 2
7130 2232 3
11867 7004 6
7249 9821 4
818 13524 3
131 8447 0
13728 924 3
10709 12776 5
3768 3383 0
10933 546 3
8285 12351 7
3102 2689 3
2927 10644 2
3069 10454 1
1769 12393 2
5317 4472 2
2279 8514 3
4429 13588 3
10137 10732 3
7330 2985 1
2079 9816 3
2304 12024 6
3368 703 3
13986 5989 2
1490 10656 1
9233 1626 0
13 4982 0
10633 6189 2
5328 5781 2
3962 11524 2
11319 7335 3
207 8386 2
5827 12688 2
13260 4015 3
12137 2183 0
12620 4110 3
9089 5095 7
8174 3118 3
10571 2459 2
4324 8428 2
7285 84 5
11696 10852 3
6254 11218 2
7412 494 2
7592 11112 2
3901 4727 2
6992 9647 3
8038 6497 3
9543 5121 3
2344 8003 3
13150 7051 5
4007 7465 3
5993 2456 2
4887 8713 3
5017 13976 3
12582 11452 3
970 5951 2
8948 7618 3
12637 3587 4
13267 4474 2
10872 3271 3
5748 13996 3
4917 2080 4
791 11825 3
12248 7598 3
1830 5157 3
2711 3649 2
10662 3121 2
12371 8592 3
3838 2199 5
11933 9514 2
10251 2167 2
13034 7907 3
11129 10567 3
4218 323 0
9218 11286 1
4673 9175 3
1301 8675 3
11006 4228 2
3802 1194 3
6536 9493 2
99 7071 0
9073 11120 3
5238 7112 3
9413 1588 2
2787 11050 2
9665 1612 3
10858 3614 7
13636 5414 3
6780 7516 3
13376 5099 5
3515 7943 2
9196 1454 2
8554 7124 1
8785 13471 2
8817 12224 3
11755 10913 3
4464 4624 2
9447 4525 2
10123 7256 2
11015 4415 3
7205 13733 2
13261 13132 2
6696 6902 2
3652 13439 5
13289 1730 2
5454 9598 2
11355 13930 1
8116 2124 3
370 8624 3
9903 883 3
487 4445 7
12800 3524 2
5258 10995 7
11904 9053 3
2277 9098 2
11415 4879 2
6492 275 1
8092 7240 2
5702 5097 7
3676 60 2
4620 7653 3
4528 2516 7
2286 276 2
6302 2022 2
6462 4440 3
11044 9780 3
13497 7720 3
7976 88 5
5791 13419 2
10425 13582 5
5998 12899 2
1942 12804 3
7106 4414 2
4466 4651 2
4873 4911 3
631 12426 2
8679 3599 6
4510 7725 3
6545 6270 3
3043 13407 5
9913 4645 3
9336 8068 2
5367 11545 2
9663 10199 3
5927 771 0
5739 11136 7
6617 2014 7
3656 2087 2
11436 1752 3
5126 13246 2
3986 7440 2
12209 13572 3
7258 7064 0
8889 6924 1
13810 8740 3
12205 3566 2
13028 7818 2
44 3845 5
9809 6568 1
2111 6570 5
4298 8359 2
2999 10697 3
6782 3287 3
3731 13535 2
6657 5724 3
2809 2147 3
6296 5202 5
13820 7973 2
5441 334 5
5842 4874 7
11221 6393 2
2260 617 3
338 1247 2
10561 9305 2
548 13920 2
9890 1455 5
5977 4465 3
11329 8523 3
9667 10112 2
4300 4821 2
962 1888 3
9669 7700 2
9965 11183 3
1441 9213 3
4544 2064 3
2360 5320 2
4665 8273 2
1117 13181 3
4779 865 2
10239 12 2
13606 13561 3
3682 10038 2
11426 13910 6
11193 6882 3
1508 3336 4
5009 944 4
2314 9190 3
4611 9279 2
1342 7024 2
7468 3848 3
11560 7413 2
12127 6106 2
10456 4475 2
143 4246 2
8108 1775 3
11420 5534 2
277 5409 7
4390 10664 2
5389 2383 3
10140 445 2
9592 11440 2
8451 4522 2
2339 13059 2
4172 10486 0
11399 13793 3
8784 7510 2
12231 3064 5
3392 5863 5
12202 7830 3
8034 6230 0
683 9085 3
919 7628 3
3700 6369 3
7492 12903 2
6357 4775 2
3363 11274 2
4085 851 5
2309 7416 1
4756 7821 3
1453 3813 2
1044 6168 3
6732 10288 5
13309 10909 5
94 13511 2
4054 12535 4
6195 7427 3
1335 3815 2
12459 13608 1
13347 8835 1
394 1705 2
13088 8434 6
8519 7271 2
2991 3234 0
12725 270 0
8106 8107 3
1256 1352 2
7732 7603 3
12573 10550 2
1356 7224 5
10185 2504 3
4083 10903 2
3763 8419 3
11178 13786 7
7153 13311 2
7507 3454 2
12956 8908 7
4896 707 2
8203 5880 3
13977 4797 3
1527 4036 3
12090 2977 2
2596 6016 2
10881 3285 2
3297 5548 2
4623 9133 0
12670 6901 5
1978 12060 2
2806 13040 2
9457 3435 5
10114 4513 5
2604 7757 2
3872 10830 3
4662 9270 3
11336 6441 7
12002 1895 3
5518 9925 2
12087 9794 5
4386 10184 2
12751 13878 2
10287 13954 7
3906 10864 3
8524 2096 2
8336 1867 3
5231 9306 2
13081 9273 2
11473 3829 3
6244 6398 2
9849 13571 3
7979 7831 5
12179 7199 2
4406 9625 2
10661 4735 3
11212 5669 3
2767 1257 0
2196 12389 3
6859 5800 2
8865 3342 2
9119 2887 2
3345 12014 3
3843 4438 2
11997 5010 3
8162 6602 3
7486 9100 3
6825 4144 3
12910 12170 5
3010 9643 0
10667 13689 3
2294 9765 1
9739 3974 5
3190 569 2
13065 288 3
2841 7737 3
4422 2461 0
11408 7945 0
11876 4814 7
279 5915 5
1032 11752 2
9427 7688 3
234 3413 2
3047 2823 2
6711 4682 3
8053 1083 1
5809 1939 3
3625 4588 3
13342 7647 2
11217 1181 7
7456 3799 3
5260 7329 0
8644 11934 3
6374 1292 7
8991 11482 2
9585 8460 3
13701 1948 3
5502 13353 3
2921 7072 2
6603 11450 7
4375 7455 0
7556 2363 3
3574 9047 7
5173 523 7
2633 821 2
11866 9873 3
10468 5554 3
2794 8213 3
7463 10127 3
12143 9017 3
9289 13828 7
6723 836 2
9230 4276 0
9674 9472 7
3521 10868 3
292 2791 2
85 9682 2
7752 568 3
4483 9481 3
2685 352 3
1750 6131 7
5336 10969 2
8993 3528 2
676 4345 0
10028 12612 2
2143 12377 2
5959 3873 3
1457 2203 3
5991 272 7
172 8739 2
13220 11081 3
1371 7662 3
4734 10965 3
8415 562 4
9176 3751 3
12155 9920 5
1732 534 2
5053 1249 0
8978 7962 6
1608 3294 2
10051 12387 2
6197 11565 3
9391 3301 3
4203 10856 2
2463 3493 3
11449 718 2
10463 1604 2
5318 13171 3
3365 9687 3
10428 9293 6
3014 10413 3
5363 10761 3
11603 1834 2
12477 2672 3
5774 3586 0
7890 3055 5
9057 3472 3
6085 7511 1
509 12803 0
1244 2699 3
13957 6735 0
12342 7787 2
9111 10126 3
1317 664 2
11741 318 0
2939 3385 2
1354 12652 2
8037 3615 2
13431 10729 2
9275 3531 0
2045 13325 5
3396 3277 3
6247 5383 3
3311 11312 3
11980 9243 1
12988 2530 2
1150 9608 3
8131 12504 5
12173 8120 2
11311 7736 2
13151 1982 2
11424 777 2
4426 5340 4
10132 13242 5
11555 11745 5
5198 1562 2
7035 2615 3
12244 10246 2
6080 8276 3
13926 9188 3
7702 12591 2
10870 10323 0
5123 3340 2
12070 8601 6
3089 6836 2
282 6396 7
5949 8442 3
7340 3037 2
3861 12959 0
7257 5904 2
7108 8870 0
616 9222 5
12924 8664 0
9067 1589 2
9689 6758 5
424 6757 2
7077 13408 3
11378 9301 4
7170 13008 2
6543 1808 2
1480 4296 3
62 9149 7
7333 11206 3
12322 8316 2
9726 12139 7
12273 3402 5
11960 2497 3
4613 7350 3
12326 11785 2
10457 12901 2
6767 13905 5
5102 10713 3
1563 13513 2
3282 3492 2
595 9827 2
1239 752 0
2208 615 2
7309 6377 3
2414 7125 2
13219 9950 3
5403 9185 4
6889 11726 2
7411 7379 2
6081 7879 5
11592 1966 1
7353 9931 1
3312 6464 2
7536 9326 2
6769 1026 3
3564 6458 3
2332 11097 2
13211 3416 7
1997 2228 2
770 7080 2
10451 8403 6
10541 6918 5
4004 8579 3
4373 12842 5
9381 7325 2
2171 8208 3
10099 6975 2
8074 808 2
9876 12196 3
12569 5348 3
4561 5708 3
13719 737 2
6188 11725 3
451 10738 7
3440 814 3
8418 2333 2
11230 7484 2
4 5337 7
2205 10669 3
13279 13256 2
7437 3937 2
1936 13755 7
3359 3066 2
4732 605 0
10104 7041 2
393 2125 2
8311 2255 1
2132 13953 3
8083 7785 3
9374 11529 2
158 13103 2
7310 8099 1
9895 9541 3
3810 4842 3
4558 12084 4
7666 10685 3
13598 9165 3
4165 6594 1
241 13938 2
2557 6101 2
7362 6005 2
8626 8048 2
8586 7287 2
353 10956 7
3582 5694 3
96 10586 3
13558 7951 6
6165 9081 3
3455 12618 3
7882 1341 2
1686 4568 2
8478 8345 2
6705 11306 2
4443 10846 1
12894 4965 3
7861 5815 3
2891 7934 4
10330 8158 3
2851 6040 0
4885 10398 4
371 13523 3
8966 13853 2
1062 6814 3
9318 405 3
4946 2730 3
10862 13619 3
8995 5497 2
2607 13475 0
10278 6590 3
10803 13909 1
8575 2840 6
10493 11490 2
11566 7039 3
11602 10566 2
10133 9015 2
5811 3430 2
1639 4597 2
11503 11344 2
11447 8458 5
7694 3969 2
11553 12274 0
7402 2189 2
9886 5040 2
9706 13967 5
7188 13921 3
8387 12747 3
12884 13036 1
9744 2837 2
2215 12159 5
10113 11488 2
6444 7356 2
1172 11956 3
1826 46 2
11864 300 3
5453 146 3
2742 6619 2
6413 13803 4
1838 13665 3
6070 11681 2
10920 3995 3
3631 4130 2
2354 6597 2
5633 481 2
12819 2483 2
11501 2609 2
3975 11324 7
942 7206 3
7964 5417 5
4748 8235 2
7881 13175 3
11187 13498 2
6575 6024 3
12578 3758 6
4878 5608 2
11882 4287 0
4567 12509 3
6905 6819 2
10388 11732 2
9591 2007 2
2577 5557 3
7869 1076 2
5402 3101 3
2828 491 2
9753 6170 2
9420 8590 7
7251 12928 6
5375 9703 2
13186 3744 2
3723 8754 0
2899 6457 3
6339 2141 3
13981 748 2
11550 3890 2
11495 1021 2
3228 10500 4
11521 4609 3
5343 5304 2
5698 3315 2
5485 7345 7
4187 5423 3
7398 13152 3
12186 11523 2
2478 4417 0
2744 869 2
4457 12094 2
4317 13661 3
87 12402 3
1930 12066 4
2066 7652 3
3202 1101 3
10329 9807 0
1043 5566 2
1800 7760 0
11393 3159 2
2559 6888 4
6137 7865 2
2290 910 2
12880 13406 7
7420 12836 2
5020 3687 2
10233 3689 3
11951 12931 5
6110 3871 2
2296 10624 2
8960 12445 3
6979 7548 2
2554 3389 3
4302 10621 3
7900 13291 2
11636 13476 2
11924 10982 2
1616 13749 2
13897 6365 3
3917 3877 3
3116 12375 2
2746 4352 2
13570 3442 2
5091 644 2
12042 11945 3
9432 8968 2
9048 70 2
8375 8171 2
1007 464 3
2614 10266 4
5165 4062 0
35 3953 4
9069 9054 3
696 11204 3
11416 4977 2
463 10221 2
9791 1118 6
2948 8764 3
7952 5559 7
5823 750 2
11589 10536 2
2876 2114 2
3209 375 2
4377 3394 2
8166 10416 3
2325 9630 0
13147 13222 2
12812 10247 5
3581 12451 3
5076 1386 2
11029 1970 3
1897 1583 2
13866 7853 3
8820 6154 2
8435 9533 2
9198 9426 2
3426 2201 3
7806 12991 3
1601 12052 3
1642 5660 2
6770 9751 2
6801 5545 2
9881 7279 2
10551 8961 2
6748 2467 6
8409 9474 2
13629 12867 2
6843 3712 2
10740 763 2
7867 10255 5
9572 8619 2
8149 4565 3
11095 6775 3
6915 5107 2
11803 2696 2
4140 8731 3
542 10607 2
11947 13187 3
896 5280 2
11054 895 3
675 9439 4
4473 1260 3
2065 982 3
149 11607 2
11263 5044 2
13084 539 3
11810 5156 2
5662 3764 2
10198 6753 3
12553 11325 3
6876 7848 0
3126 12270 3
13891 12517 2
20 11238 3
5088 6404 2
10040 11679 5
12409 1154 3
2236 5780 3
7161 2424 3
5301 1890 2
9759 11575 3
12264 6477 3
6252 7772 2
7835 11761 2
4389 10232 2
6772 9595 2
2216 12443 3
7223 4974 2
665 168 5
3797 9652 3
5836 3199 5
2623 235 2
4955 1209 3
6675 11301 2
5895 9150 0
1976 8080 5
6206 3726 7
1658 4290 0
6020 3634 2
4006 3272 2
12416 2728 3
773 387 4
6017 10291 1
3278 2138 7
13685 9321 2
1428 1151 2
2581 13898 2
8941 10161 2
6638 7719 1
4962 10602 0
13303 6718 2
2541 5167 2
4508 7809 3
1582 5762 2
10759 11675 3
64 12644 2
11624 3425 2
12916 2523 2
2621 7487 0
4537 10798 3
6148 575 3
13695 9862 3
5149 2795 7
13980 13691 2
5081 3591 2
537 4369 3
9458 13070 3
13978 10866 5
13618 11861 2
8759 1925 3
10424 2925 2
9229 11358 2
1926 9479 2
5435 9033 3
1468 8589 2
6038 11937 2
12290 10670 2
4692 2291 3
5822 12329 2
12388 11105 2
4399 12807 2
5922 9278 0
5228 8510 2
10171 12847 2
1318 7551 0
11343 1449 3
4100 7857 2
12009 9486 5
9052 5909 2
7901 4663 3
5264 11203 3
10097 8259 0
4773 9850 3
91 7260 2
13042 872 0
9980 7607 2
8033 7777 4
2506 12498 0
10568 134 2
10153 2982 3
11169 7763 2
2717 13231 2
4700 7544 5
9537 12581 5
13428 8472 4
10773 7613 2
8628 1516 3
11250 5805 0
1836 4365 3
5687 2164 2
4256 10860 2
3820 7659 2
9027 4552 2
13761 6857 1
7953 11902 2
6789 8081 2
5975 1106 3
8947 12502 3
790 4091 3
2416 3868 3
12183 4278 3
2591 3807 3
6560 5652 7
3827 6640 2
11003 10289 6
10317 7212 3
4847 2824 2
6058 5889 3
13243 5789 3
5349 2341 0
10349 11863 3
6583 3927 2
12474 2061 2
10154 8833 2
12242 2731 2
13027 6989 2
12279 8741 0
1901 8701 2
11577 7822 2
11152 8532 3
12733 1653 2
5995 5377 5
12904 2536 5
12710 3205 3
4610 11410 2
7658 4853 3
8958 12507 2
12678 8689 3
4027 2336 3
2801 6303 3
3832 806 2
1041 9215 5
7685 7701 5
13066 2110 3
13468 4948 2
4652 8718 3
772 13372 3
10751 1552 3
9156 9039 3
2940 4702 3
8858 13382 3
3611 7347 7
11242 7061 3
13239 5826 7
12089 2896 2
12625 4754 2
7541 9037 2
78 8459 5
5743 5506 3
4247 1749 2
960 4196 2
12955 5677 3
264 8223 0
3398 6658 2
6344 13640 2
11260 8901 2
4051 4871 2
13074 13360 3
10494 5612 3
5155 12766 2
3514 12418 3
11776 11392 3
884 8710 4
10083 8594 0
2846 13454 4
848 325 3
6852 13161 2
10723 1192 3
12194 1708 2
2303 7729 2
13377 10784 3
10497 236 2
9755 4738 0
917 5483 2
11013 6765 3
4626 6353 2
4216 4897 3
4669 9402 3
6965 3091 2
7925 11154 3
2732 7515 2
11627 7968 3
2590 11964 2
4759 4857 2
11092 4547 3
6317 1072 2
7295 12117 3
11671 3446 3
492 6645 2
1606 5655 2
11758 12422 2
3444 6776 7
13804 3391 2
4275 12482 0
12357 5206 2
8728 4998 3
13327 3786 3
2097 10840 2
5640 2681 5
4342 2667 5
11905 5085 3
12358 3474 3
6867 9887 3
12306 9046 2
3738 12879 1
11327 5158 3
1291 4524 2
398 13600 3
11389 4899 0
6976 12555 3
12893 9256 2
8685 9680 3
5316 6442 5
4559 4628 3
5118 10517 2
2273 10655 3
12758 2619 3
789 13456 0
3058 7796 2
7346 17 2
5952 10859 1
13660 2790 3
4346 7832 2
5918 7067 3
8581 740 4
438 11926 2
12319 13781 3
12230 6415 2
10202 1437 2
11759 10267 6
2412 10129 1
8226 397 0
10760 1614 3
775 11961 3
9770 9096 4
4182 9670 3
2276 11256 2
4092 8461 7
6797 1193 3
10925 6694 2
1648 13651 0
1880 12254 3
4316 4043 2
1248 2510 2
4093 7410 2
10110 7972 2
4301 1045 2
331 4209 3
1594 5093 2
13667 6544 2
10980 11504 2
2624 11308 2
11993 8364 3
384 9403 2
7175 3984 2
3127 7808 5
959 4762 2
10162 7140 5
13484 925 2
9866 3570 0
7084 10236 2
6969 5288 0
10774 8310 3
5711 4551 5
12146 1889 2
5104 9798 0
9579 13601 3
6727 11890 2
11943 6971 2
13860 8669 0
9130 12189 3
161 192 3
688 2391 2
12112 11140 2
4002 7704 2
8249 8464 3
11991 6648 3
13862 2191 1
8153 12325 2
5967 6941 2
13071 3093 3
678 7995 3
5470 10360 3
201 5725 0
3021 3436 3
10540 1649 2
898 1061 2
11195 4958 3
5519 1569 1
9209 162 3
3495 6942 3
2002 975 7
1671 5183 2
1004 12687 2
6347 5390 2
11082 12577 6
2527 5151 2
8743 9368 3
830 22 1
45 6608 2
2295 2458 2
10217 13208 0
13594 12181 3
13244 11901 3
11721 11898 7
5528 1237 2
5860 65 4
7755 3930 2
7715 13703 2
3174 1945 2
3935 5577 2
6027 3782 0
7852 6929 2
12289 6037 1
13505 9989 3
561 5434 7
4877 9732 2
13912 3357 4
13992 7426 3
7948 1568 3
3870 13775 4
7136 4527 0
1629 594 6
13632 2150 2
8840 8745 3
10027 486 4
12826 1236 2
961 11223 2
4562 1254 3
4860 6316 2
274 8803 2
13694 6831 2
2519 4378 1
8878 6221 2
9353 9750 2
12497 7537 2
4495 6684 3
10702 1 5
9738 10769 2
12316 10056 2
11598 13162 3
11067 1267 0
8253 4407 3
5601 7902 3
13350 10484 3
12047 13529 2
4550 9021 2
12695 5790 0
11887 12703 2
10000 6326 2
6627 9951 6
4504 7710 2
11076 4534 2
7115 5851 0
3290 13465 5
690 3184 2
11987 1645 2
4548 8625 2
5701 10294 0
5765 4052 2
5794 11773 3
7083 8920 1
5011 10659 3
3892 5538 3
8393 12330 2
3309 10714 3
1776 6932 4
7496 7092 3
4121 327 2
2749 5579 2
5776 1891 4
11035 2380 2
13043 1123 2
1018 2720 2
7088 2943 7
13884 8494 2
12296 9627 2
5843 3103 2
482 819 4
68 6697 2
12773 8230 2
13642 9567 5
7768 8892 3
13739 1738 0
3177 11789 3
6785 1707 3
8399 9404 5
8583 1191 5
9624 5216 0
12557 7804 2
5881 8873 0
12468 4383 3
13163 12207 2
13007 10473 3
5885 2169 2
2863 8529 0
1481 9908 2
503 4635 2
4655 10379 5
882 401 2
12697 4108 3
5382 298 3
8563 11474 6
876 1312 3
9528 12214 2
8683 2489 5
11886 598 7
5802 4073 2
11680 12611 2
9829 8221 2
1720 12681 2
8220 13002 5
10405 8877 3
12961 7845 7
7543 1603 0
10037 12519 2
7363 2910 0
13833 13381 1
10474 4070 4
13872 7482 7
1912 4169 5
3173 3913 2
1992 731 7
10680 6400 3
11556 7302 0
8869 6548 7
2739 3784 3
10645 11463 2
12267 2400 1
12081 11295 3
7583 12882 2
8350 1303 3
7578 1831 2
12666 9869 3
9626 3777 0
13520 564 5
2665 7252 3
12953 13095 2
8561 13856 2
7210 13982 2
4364 8127 2
12479 1134 1
147 5830 5
8010 4542 0
13829 11822 7
4621 5313 2
2827 1715 2
7243 8545 5
9025 8964 3
6072 1922 5
1349 12780 3
5195 11037 3
5067 1098 3
4963 6138 2
5327 2165 2
13234 12690 2
8760 7383 3
7009 9940 2
11658 472 2
11272 12802 2
5888 9698 2
2272 8939 2
5184 5233 0
13615 9079 3
1717 13274 2
11130 2419 0
5984 11461 4
9005 13508 4
7157 13453 4
4944 9011 3
11644 6946 7
4320 7338 2
4101 7958 3
92 4024 3
8940 2671 3
5489 1504 2
2270 13021 3
10081 5770 2
6518 1570 3
4792 13843 7
13076 5771 3
10964 8368 5
13214 11270 5
11309 1058 3
11710 743 3
7826 2168 3
2684 2660 2
3680 11828 3
10149 10973 3
10343 362 3
4816 12452 3
11000 5675 3
10770 11705 6
12765 5072 2
10874 5226 3
11516 12129 3
1968 13737 3
9916 8860 3
12200 3358 2
4865 9622 2
180 901 3
10967 11754 6
7523 8794 2
6858 12407 3
603 4774 2
7823 8026 1
121 1839 7
5898 2522 3
9138 13492 2
12425 10358 3
5749 5105 2
12313 4952 2
9153 9844 2
1822 6846 3
12976 6309 3
9262 11610 2
151 5250 2
13202 9036 0
7535 11 0
6263 13638 3
8663 4080 3
9322 5465 2
8013 1064 3
10519 9400 2
12905 11142 6
5695 11631 3
5648 2163 0
3728 6555 2
5896 12406 5
9675 9290 6
11007 10196 3
1271 7381 2
9613 969 3
11070 5287 3
11949 2555 0
6834 3657 2
11542 2117 2
3362 2113 2
7187 9880 3
8573 5397 4
8503 2805 5
10125 761 3
1313 6467 3
8930 12635 3
8866 5187 2
12854 10884 0
7635 7959 2
10532 11848 2
5257 3319 5
9197 11391 3
3131 3030 2
9080 12834 0
11619 13545 2
8138 10386 5
11247 12266 3
13805 580 3
12946 3760 3
13136 4659 4
11833 2676 5
2485 10194 2
12667 10525 5
6870 7334 2
11918 8887 0
10026 9742 2
8931 4175 2
5509 13251 6
11241 6179 7
8090 13663 3
5755 7001 2
2238 9410 2
8727 6191 2
2468 1549 3
6816 12111 3
12526 4397 2
13252 9910 5
11736 4156 0
3695 3697 2
7341 862 2
9515 160 7
3292 12169 2
10983 4331 2
11445 13741 2
5416 11842 1
11571 10282 3
1294 1731 3
2980 10648 2
13204 1167 3
9968 10089 2
6506 13322 2
13464 5597 2
8168 5087 2
9497 13834 2
2340 12524 3
9727 2705 2
1329 9502 3
12554 7301 2
3938 2701 0
13892 9586 0
11707 10674 2
637 5196 7
4379 6828 7
3353 5638 3
10370 4606 3
3094 12967 7
9953 8346 1
10326 6178 0
1503 579 3
3361 1513 3
11722 10630 0
12102 1196 3
3559 3401 3
11510 10627 3
4227 7268 2
1208 2323 0
12532 11406 2
10227 2734 3
6581 13882 2
4037 995 2
10339 2646 0
6725 12523 2
4644 6926 5
5894 5019 3
6200 7139 2
9867 144 5
5850 10406 2
3805 1762 2
8119 204 2
3386 11688 0
1429 3942 0
12249 3633 3
3853 10752 5
5679 13796 0
11422 7509 2
2187 10534 3
7539 8137 3
4615 12282 2
12475 6928 3
11720 965 3
5875 348 2
2024 12760 3
6468 640 2
4956 11134 1
9657 10958 3
2645 7638 7
8512 12811 2
1489 8806 2
12619 4907 7
3270 1246 3
7165 7912 2
2017 12791 2
8257 2162 3
4978 12384 3
10147 4582 0
13710 2895 3
9160 13117 2
3302 11145 2
6612 7490 1
7089 2425 2
5356 3375 3
1393 12660 3
7196 3373 3
11071 8438 3
1084 11633 6
9542 2947 7
10290 2326 2
9344 10197 0
1797 9741 3
5588 12786 3
5083 9708 2
5294 3018 2
5746 3333 3
7989 12046 2
11657 13416 3
2844 8429 2
1812 6390 0
12533 10580 2
3609 4067 1
2068 9767 3
309 12124 3
13751 5825 2
13180 4726 2
9653 8216 2
9191 686 3
1495 10829 0
5113 1039 0
1367 2915 7
5656 10272 3
6998 2849 7
5212 1911 0
12779 1017 5
727 4791 3
7940 6686 2
2636 11687 3
4361 5049 3
6272 12937 2
9561 817 2
8552 3059 2
12017 6476 2
9918 6065 3
2842 12239 5
4658 2738 7
3281 13294 3
8541 8094 0
5919 13827 2
6973 10635 2
9901 14 0
9470 7369 2
5953 5857 2
8179 12128 3
1282 1171 3
10632 12493 2
6596 3148 7
9858 4832 2
6773 9982 1
3332 1484 3
2486 4351 3
1777 3932 1
10524 1413 5
8388 13235 2
1425 9637 3
1906 8156 3
7524 13644 2
11572 9836 2
4794 6282 3
9060 6111 3
10 2350 2
10783 3433 2
8634 10461 3
1068 8766 2
13053 7319 3
1899 10543 3
12506 8256 7
2049 5957 2
5831 12632 2
10345 10959 7
4267 6375 2
1952 4133 3
6622 10581 2
1348 8163 2
12981 12016 2
13517 2643 3
9802 12301 3
8425 12828 2
1693 5284 2
1801 2063 6
646 7366 3
12454 4160 2
12315 7944 3
9641 11885 2
4826 112 2
12626 251 2
5681 10095 1
10942 8296 4
2875 13709 2
4224 9661 3
6922 10810 2
9756 5946 2
12188 2452 2
10945 4120 2
7714 8556 2
1126 9062 2
4496 8670 2
9407 7595 3
2480 10130 3
4339 2192 0
9041 10102 3
1174 1421 2
6736 8988 0
5024 3226 2
12897 7028 2
1988 12107 2
3322 4979 2
315 12565 1
894 7373 5
5587 2051 0
13224 5629 3
12287 12576 3
271 6336 2
1602 5003 5
3722 7933 2
7897 11026 2
9103 9094 4
930 7202 2
12339 3980 2
7190 11601 4
11563 2274 3
13003 9593 2
3746 13785 3
5878 3963 2
793 2219 0
859 7154 3
5333 1264 2
8025 13240 2
293 8555 2
5338 13201 2
3961 4366 3
4271 10157 3
4468 1027 3
510 11087 7
12622 2019 5
4511 12145 4
4705 4506 2
10076 8886 3
11321 6741 2
11234 10117 2
5456 377 2
2729 11149 3
5396 8974 3
4162 1116 1
12104 7839 5
1477 7713 5
13326 1433 3
3699 294 5
12594 12848 2
7665 9619 3
985 1677 3
7389 7575 2
10654 7565 5
4889 9219 3
2792 6096 6
9416 5344 3
2761 9125 3
7561 10277 3
7627 11811 3
11478 8716 3
8879 8863 1
12890 13215 2
11814 2371 2
2052 4416 3
1069 8352 3
1999 11538 4
10562 1511 3
2186 13947 3
3743 12130 2
2062 5680 3
2457 2629 6
11796 7448 1
5740 6525 5
13500 6177 3
10402 11122 3
5797 6496 3
2020 3592 3
12721 5071 0
7473 9421 3
3880 10031 7
10176 3045 2
11706 13514 1
12701 8028 3
12465 13794 2
3484 9796 2
1819 12288 0
8793 4307 2
12300 1143 2
13444 1670 4
10168 13386 2
12755 5626 0
12343 2081 3
13075 2695 5
13790 9576 2
13033 10350 0
12369 779 3
1832 13056 5
3612 5106 0
9692 4197 2
6599 13599 2
10175 13928 0
6182 12737 3
12980 4904 3
5580 5306 2
190 1947 2
10286 8611 2
12540 11544 3
139 11418 7
11880 986 3
947 9934 7
1164 1488 1
7357 6299 2
4257 11764 4
8725 10836 3
12588 9258 0
3284 4060 2
13634 360 2
974 1548 5
4608 768 3
12862 8214 2
13046 2258 2
1340 1987 5
3867 1234 2
12004 6190 3
9758 1302 2
3351 13249 2
628 9983 2
341 12965 2
6737 12040 2
1958 13494 3
7043 3772 5
10531 8191 7
4321 13225 3
5475 7158 1
13679 12714 1
11996 7351 3
4239 3856 7
4583 12787 2
7045 11697 5
3748 13961 0
5558 4171 2
7385 11316 2
6532 8707 3
10049 13048 2
9090 13633 2
7065 12992 2
13537 197 2
5659 11799 3
4102 6151 3
1846 2044 2
904 12566 3
4859 9192 2
9551 7148 2
13188 8645 3
1724 3137 2
1676 1692 0
13109 6367 4
6408 2865 0
10146 4574 7
1791 336 5
13734 608 2
4066 7242 5
5153 6980 1
459 7903 2
5844 776 2
2606 3393 2
3441 4069 1
8897 10009 2
8360 3905 3
5329 8042 3
12157 12932 4
8997 6629 2
8544 8655 0
9774 9884 2
3384 6493 7
2035 1046 2
5634 9221 0
7308 13285 3
7807 10620 3
364 4985 3
5543 7423 2
5016 2319 3
12717 9874 2
10383 7744 3
12236 285 3
10922 12374 3
433 6335 3
7297 2509 2
915 7276 2
11342 1675 0
3068 4374 5
6321 2883 2
9315 543 7
8580 9211 2
5854 9285 7
11208 1765 7
3996 10828 0
8370 7101 2
8609 10974 5
13135 194 3
11670 13753 5
13964 5339 3
10808 3293 1
1166 4906 2
9928 7181 0
7616 4141 2
9274 6803 3
1619 1283 3
3501 9773 3
992 12548 2
3844 374 7
8795 3204 2
11742 6403 5
9811 12915 3
2580 3366 3
13825 7789 1
2917 5550 2
12309 5900 2
6679 6724 3
504 4254 2
4404 13621 3
480 152 1
7217 13869 2
2808 8506 4
8926 11708 3
9843 7842 2
7893 8150 2
4425 6292 1
7322 6063 2
9032 1622 2
3011 2950 3
12696 4518 3
10381 3481 0
471 4914 7
6105 11985 3
7164 13931 4
13654 9083 5
11580 13107 2
7474 12902 2
13195 2612 3
7855 8408 3
5292 12092 2
11612 6689 2
6726 8787 2
11632 11310 0
11200 150 3
41 9469 1
2914 5992 2
1315 4728 2
13727 10592 0
3241 13973 2
2382 10976 3
12772 4109 2
13831 8121 4
13650 7581 5
8281 8397 2
1799 13051 2
4770 6559 0
11280 2763 2
9334 4725 3
3817 7180 0
8912 10312 7
9800 2531 2
760 8058 2
3246 4831 3
10374 1066 4
7499 8444 3
7070 1474 3
4820 4164 3
33 7344 0
7286 1240 3
346 7331 3
12441 2439 2
4523 11807 3
7417 13526 2
653 9679 2
8324 5041 0
11640 7453 5
11801 5449 1
2879 3816 2
7994 419 2
11881 618 0
9136 5127 3
8317 11441 3
13580 8547 2
4191 4336 5
1818 544 3
839 11459 3
8342 4071 3
3040 12463 1
7121 11184 2
6564 3276 2
11582 11778 5
8857 11673 3
13183 123 3
13861 9620 5
11990 6832 3
5058 6974 0
13950 8949 5
13440 13404 0
5022 3616 4
6313 301 0
7629 4981 5
3000 7631 2
5583 11073 2
4413 12435 2
8395 794 0
2782 2850 3
5834 5052 2
13067 4177 3
11298 4363 3
13123 3924 0
13196 11500 4
10604 3889 2
254 12556 3
7033 13941 2
3324 7079 7
12793 10156 3
7304 1634 2
7352 1820 1
7870 3078 3
11255 9991 0
8998 11099 3
5793 4477 2
12257 1218 3
5690 6783 2
4127 7610 2
12691 9438 3
8008 11940 0
2109 406 3
8452 11915 3
7557 9495 5
8798 12488 3
8788 2195 3
11573 13798 2
11292 3083 2
4448 13062 5
11829 11330 2
9116 6892 5
9127 4303 0
5200 8304 1
3488 12731 3
1719 4782 2
3914 490 3
7404 4225 0
4617 4800 2
3409 260 2
11117 7204 3
7505 6566 0
9894 9170 3
5981 8490 1
3080 2698 2
12019 9370 3
12118 13704 2
2725 8039 2
4421 10855 1
11667 4437 3
9501 12700 2
9977 8808 5
13155 2552 3
1709 6091 4
8227 1005 0
7349 10466 3
6945 256 0
7195 403 5
6781 4676 3
8261 10378 5
2513 7645 5
10181 12121 3
11267 5622 3
1130 13655 2
7679 5542 2
10610 10275 2
8448 13395 3
825 7238 2
5511 13197 0
7937 1908 3
10455 2322 3
7384 2370 3
7031 8706 3
9525 6064 4
11384 9431 3
2185 12382 2
10035 8314 3
4056 1412 3
4710 13045 1
7569 2257 3
3156 8439 2
3693 3437 3
12386 6176 4
11753 7222 2
6835 5391 2
8636 4636 3
10941 12481 3
9205 13564 2
3377 13131 5
3775 389 2
8841 8657 2
1122 9059 2
2193 1577 3
4122 6505 3
11973 468 2
10851 8956 2
13522 2072 4
9823 9861 2
12219 8777 3
968 7552 2
4706 1734 1
4471 744 0
177 10228 3
673 7549 3
7288 6588 7
4190 11651 3
4543 1037 2
10109 209 3
2305 9496 3
1573 7109 2
13356 5248 0
347 12082 7
7503 3073 3
7289 2776 3
12789 12658 2
13354 8440 2
612 7689 3
12917 1664 2
2922 3923 3
3560 1139 2
6935 5976 2
11227 2040 3
4671 5754 6
7833 2174 7
6236 5080 2
12000 9055 2
12820 9815 3
12203 9051 2
9291 7717 2
584 8633 4
4647 5487 4
13867 9621 2
4697 13005 2
6609 7829 2
2415 5447 6
3779 9671 3
5560 1902 3
12456 1532 0
861 9749 3
4993 638 2
340 1647 2
13272 4159 0
11749 5786 2
11465 11011 3
10892 4532 3
10336 9217 5
11819 1272 3
8667 6896 2
5054 5171 1
7917 3180 5
9016 13438 3
12400 12815 2
11403 13735 2
10298 12984 3
8771 6007 2
8929 12505 2
2144 5014 2
6964 1152 3
4912 6405 3
3715 6542 3
1105 9184 3
6053 2155 3
6055 13459 0
5495 1733 4
10934 5628 3
13293 7000 3
1306 2447 2
12154 7918 3
3350 7527 2
7358 2872 3
2004 4599 2
6280 13397 1
10789 8193 3
3001 3480 2
9008 4408 5
1472 3149 3
4497 12433 2
1447 10029 2
8288 6351 2
36 533 2
6455 12951 3
1223 4436 2
5745 13584 2
3415 4724 0
2119 7392 3
9115 8353 2
8260 6709 2
6890 12730 2
7261 11856 5
10887 9677 2
8726 4486 3
5747 2938 4
11466 4746 5
11159 8692 2
9806 9193 2
4485 5063 3
13307 681 3
6052 12458 2
13137 7981 2
10763 2126 2
4749 10214 2
1696 10014 2
12563 11093 0
11739 709 0
1654 7194 0
3846 4289 2
7888 1163 2
9182 5568 2
12732 3522 3
1014 1082 4
4008 13729 7
376 3487 5
6861 5970 2
11923 3979 3
6513 8769 3
1243 9616 3
2912 11119 2
225 10496 3
2534 7810 5
4242 10363 3
3713 12356 2
4833 12907 2
1684 3201 2
8557 514 3
2408 850 1
11614 6446 3
11931 10121 2
9891 1273 3
10793 6283 2
7003 10960 7
4960 2343 3
12198 8867 2
2928 6862 3
13105 3540 1
13858 2771 0
5038 1277 1
4424 8986 2
10515 148 3
5882 1496 5
7269 6213 0
13747 12417 2
13852 8890 2
13049 1088 0
1773 2481 2
7770 7634 3
200 12739 3
6060 759 7
6417 9271 4
9484 1418 0
12022 2708 3
6794 2588 2
12559 6447 7
12362 2918 2
7514 2620 2
3098 5752 3
7462 4065 2
13449 8660 6
2032 10657 5
1319 12034 2
3672 999 3
6706 3666 3
13553 7986 2
9904 11113 0
7747 13674 7
1309 5103 6
10001 3973 3
1369 4541 2
4905 5236 3
10908 7894 4
10135 8426 3
2762 1009 2
11984 2449 2
9673 7096 0
6972 13624 2
10094 6515 5
7082 4733 6
7030 4677 0
3550 7542 0
13451 7696 3
12808 11584 4
181 12013 2
4894 8085 0
11929 11870 2
6576 1660 2
13870 887 2
3188 5351 0
12865 1778 3
7010 6734 2
1512 2967 2
2709 7461 2
9251 12399 5
12073 2173 7
1238 3469 2
2067 8178 3
119 7060 5
9846 4499 2
1704 2990 2
6913 5419 3
12763 6671 3
11125 2256 2
1903 10395 0
10249 3859 3
8333 11058 2
13813 5551 0
7397 10071 2
7728 5838 3
12026 8278 3
12639 10346 2
12439 3308 7
12419 8971 5
379 7118 3
6485 2959 5
1184 658 3
2001 3296 3
879 10180 3
8354 5138 3
9173 12216 2
4231 9915 6
4512 11837 3
4428 8643 2
5350 2949 2
9110 2450 2
9231 2637 2
8895 12770 3
1803 6209 2
12680 12098 7
10472 13987 3
6130 13518 3
778 3217 2
6865 7150 1
3661 11812 4
2714 13993 3
747 3343 2
7624 1424 2
11209 3643 0
5670 5507 3
2429 11685 7
261 1585 3
12723 5883 0
211 6121 2
12015 11873 0
4521 6169 7
10736 11226 5
10483 4401 3
10539 10906 3
3038 11694 4
10322 13031 2
8029 7600 0
5703 10002 2
9939 8531 2
3327 11201 2
13519 6660 2
8268 117 3
6501 13273 5
9889 11791 2
6522 9569 2
11253 6871 3
9142 5651 3
4557 8367 1
13254 9302 1
6454 3523 3
2998 13656 2
296 527 2
59 6796 0
7002 2560 3
308 6327 6
715 5450 3
682 6539 3
3370 3428 3
6057 7594 3
11768 4048 5
12575 12381 2
10050 12813 2
13956 13333 2
4195 10552 3
2804 2994 2
2501 3371 2
5758 2666 3
10506 10701 2
12430 13119 3
7858 9064 2
13004 1996 2
9648 10970 2
8936 5586 5
6538 10352 2
13446 11069 2
1276 8023 2
1113 9415 2
5978 2140 2
671 11094 2
5536 5440 3
4616 9912 0
12868 452 7
140 4939 2
12601 411 2
8915 3543 0
13380 3998 1
11979 9944 2
8943 9516 5
4707 3941 2
11554 5552 2
2736 5241 3
233 13154 2
11528 11583 2
11809 6618 7
6407 2529 6
6430 12692 2
3745 10452 4
8022 2462 3
11372 10653 0
11496 10141 5
9084 13903 2
12029 7790 5
8668 2398 1
3593 5174 3
2252 3117 3
613 10564 1
11010 13255 2
12654 3135 3
13959 13348 2
2034 5526 7
105 2593 6
2678 9610 2
3483 10380 3
3388 13283 2
1547 9851 3
4825 8093 2
11525 2121 3
6348 5234 6
6445 12246 2
6345 6371 2
4306 11883 2
8702 4444 2
13724 13472 5
4930 4176 2
2594 10622 2
2289 11703 3
8374 1226 3
11654 11283 2
12631 7854 3
11850 11569 3
13087 10304 4
1560 1994 2
12352 11374 3
3168 6471 3
13877 11998 2
11718 3252 0
10263 39 3
4829 10676 5
3569 5050 2
1028 6695 1
5824 12918 2
6354 10565 3
9183 10015 2
11398 208 5
765 559 7
2498 4783 7
1520 213 2
5905 10018 3
7142 8309 2
3541 7390 2
6108 8412 0
5460 4255 3
11733 11966 2
2438 11297 3
8596 6386 0
5408 5059 6
12844 5737 2
6944 6914 2
483 3992 6
1868 9961 2
4768 6502 3
9723 11107 2
9249 6807 6
12085 7605 3
10745 8923 3
4205 9325 2
1716 12354 2
5342 4131 2
2101 9237 2
9281 6848 2
416 13547 2
1878 993 2
3372 11025 2
3915 8530 2
13935 878 0
13463 10150 3
2550 2213 2
10643 3536 2
3596 9382 0
6483 2075 3
8999 1451 2
918 1887 3
10597 120 2
10467 1950 7
1325 9342 2
3667 9795 2
399 3291 3
56 12212 3
5221 9556 1
11460 4951 2
8617 10749 2
3948 2042 3
6713 8862 3
5706 1316 2
5326 3833 3
6740 5446 3
10321 8715 3
3356 2432 3
12764 8786 2
10849 5004 3
2831 12866 5
10382 626 2
5947 7588 3
7367 11266 4
2521 6271 2
7281 2608 2
8819 5205 6
7591 5504 2
8782 2822 5
11788 692 3
13223 2475 2
6592 1499 3
809 3288 2
3839 6790 3
6358 4134 7
13550 2930 3
7066 2176 2
1320 11457 3
5549 2379 3
13433 6304 2
8697 1782 3
13318 7739 2
13400 4281 2
4107 1521 3
8062 6571 0
9899 8855 3
10905 6688 3
7521 2578 0
4843 7360 3
669 3056 4
1125 2835 3
7712 9144 2
3936 6117 2
10950 3835 3
4139 1205 3
2158 5109 2
3811 2059 2
9220 498 2
2299 9252 3
10223 6277 3
13560 10487 3
8918 5573 4
13787 5192 2
7370 3049 1
11289 1861 3
9450 3243 6
7135 10441 3
10899 10757 5
13264 9126 2
9105 4539 2
13445 5492 0
885 13641 2
841 11030 2
3325 8893 5
6503 9715 3
4116 3429 2
4991 3095 2
6784 3534 5
2100 12396 7
7006 7501 3
13609 9837 2
8816 13841 3
13281 10060 2
8063 7502 2
5262 3328 2
4348 5325 2
4075 178 3
7764 1157 0
12759 12797 3
4716 455 3
8200 5806 5
5142 9002 2
7977 2058 3
9031 8648 0
12840 6938 2
3981 9045 2
13880 10809 3
2635 9990 2
6806 11315 3
10237 10516 3
4061 2335 0
10430 9414 3
2267 3781 2
2625 2673 2
13819 13809 2
11141 13675 6
8917 4201 2
3989 3925 2
9733 7886 3
12364 1561 2
6225 1691 3
5613 8730 3
12097 5008 4
810 3279 2
4822 6315 3
7166 11048 0
4030 7898 2
5653 6032 3
12930 4450 2
4698 1651 2
11439 1055 2
12303 13671 3
10420 6402 1
3461 4481 2
5886 9164 3
3255 13458 3
11491 5565 2
1231 13746 5
10708 10603 7
5445 13016 2
6428 11955 1
2784 10871 0
10008 5438 3
2693 12600 2
7290 8161 3
11533 12469 3
8981 7528 3
133 10522 2
5285 414 3
2448 7143 0
1070 8721 5
9571 2194 0
5727 2016 2
3505 9406 2
7738 13233 3
6364 11684 5
2757 3157 0
4053 11596 3
5524 10650 2
1595 3619 4
8880 10308 5
3970 10593 6
8424 7053 2
12489 10728 2
12874 12012 2
3497 11672 5
6076 13371 2
2785 6577 3
3512 3862 3
3470 13875 2
7497 5578 2
5832 1025 0
2979 6382 7
11800 13906 3
10999 11963 2
13777 11131 3
4423 1145 2
11262 7235 3
12446 4769 3
1688 11728 2
11345 12404 5
2 1080 0
13589 2983 1
10505 8615 3
11480 9853 2
5756 1179 2
8951 8175 2
1476 5472 0
6561 11351 3
567 7282 2
12711 8871 2
10569 12401 3
8749 4380 3
9210 12305 2
417 5944 2
4571 11772 1
6266 2539 7
11135 4263 7
5872 6579 3
5279 6044 3
2745 3773 4
7723 9277 3
10739 3929 2
5057 6257 2
903 10213 4
11541 11935 2
7611 9709 5
7984 2747 3
5079 3194 1
6523 12974 3
9531 13676 3
11369 10258 7
11727 10901 3
12861 13133 2
11190 11981 3
12713 3572 2
663 2349 3
6385 599 2
13933 11907 3
12302 1551 4
5982 11215 2
1308 13603 3
11953 12816 2
11875 10943 3
582 7485 3
9 5060 3
5839 3662 7
12957 2866 2
13937 13614 3
8957 7134 2
8661 13482 7
3048 13630 2
2877 5971 2
3448 13238 3
3651 10053 3
13995 7949 3
439 8262 2
365 1794 0
13726 9453 2
4198 2626 3
1096 6730 3
7179 11771 2
4344 9688 3
3993 5562 5
9482 9945 2
9065 5433 0
11551 4675 2
8077 3866 5
6183 7476 2
8976 7406 3
7054 263 2
6378 10062 3
12023 1011 3
4079 8790 2
10672 6087 2
4489 5477 2
7488 1631 3
12312 13457 1
13140 4895 2
10576 3525 3
2956 8021 3
6649 11731 3
11009 6524 2
13795 10731 3
3218 10411 1
5341 13983 2
9740 5676 3
10192 6411 2
5061 6906 3
9712 1471 2
10599 12349 2
8928 9124 3
4454 12136 2
5672 6962 3
8299 3139 2
10647 9628 2
10929 2131 7
12726 7648 2
2104 9719 3
11225 9633 0
11458 5539 5
5372 6955 2
7706 9676 2
4103 3142 2
946 4311 2
4022 8446 0
8687 7431 2
4959 8443 2
6062 4146 7
10684 130 5
156 436 5
13099 1182 3
8245 9654 2
10250 11957 1
1414 8356 0
5531 13092 7
4308 12413 3
465 8708 2
2721 10414 3
9412 8357 3
10857 257 0
7479 8172 2
8831 8765 3
4668 5646 4
9557 5520 2
6092 6987 2
857 4152 2
10512 8821 2
11939 1241 2
952 5300 2
2292 9350 3
8686 10341 0
2677 11275 2
9364 499 2
11469 4326 5
8432 5428 2
13531 8719 2
6557 4909 2
9174 10927 7
5358 4332 5
4288 5145 3
8097 10390 5
13620 9761 3
12592 4028 3
5879 3793 3
5425 9295 2
4866 8338 1
3022 12062 3
672 3718 2
12933 7589 3
2920 4900 2
12863 3620 0
5657 4884 2
5852 13963 3
9345 1755 3
1310 9179 1
3295 5266 2
12049 8658 2
5757 7850 0
2797 12587 2
11587 12448 2
1494 13576 2
1507 3601 2
2691 10065 2
11170 2694 2
7280 3860 0
8130 12665 2
3507 9817 2
11259 6533 2
10796 3207 2
10692 9442 2
5595 1910 5
1768 12464 5
11994 2724 0
6276 2142 2
4708 3459 5
4179 8473 2
11043 2025 6
7614 526 3
1633 11019 3
13859 4514 3
8453 7649 5
11808 2264 2
1533 7969 2
592 2154 7
9159 2657 2
5245 1557 2
10079 12253 2
2622 11942 2
7847 12822 0
12299 8 2
3855 10419 2
8639 529 2
6487 3085 2
12795 7669 3
11840 5069 3
9452 13789 2
966 8536 2
9921 6708 2
9245 4493 3
2654 10771 0
4970 6013 3
10677 63 2
1135 8955 1
10119 12514 0
3299 8326 2
97 9433 3
9235 6051 6
12020 9269 3
3630 12694 3
5950 9957 3
6095 1423 2
8802 8671 3
4737 5210 2
937 11927 3
11682 9489 0
3283 2084 3
7816 13170 2
7840 7305 2
361 10058 2
5421 1091 3
1262 5907 2
13838 9314 2
12889 10412 3
5115 9203 2
2600 13191 6
8932 8942 3
11968 6193 0
9303 6875 2
206 8558 2
2545 3610 2
2683 13702 2
6049 1444 2
10822 1735 3
7657 429 6
4327 6950 3
9545 12543 3
570 5215 0
1586 12079 6
5032 7926 2
12160 9832 2
1840 12044 3
5458 11999 2
2122 13562 2
8405 1710 2
3673 10548 2
5817 13248 0
1699 9958 5
1792 5490 2
593 9158 2
1077 2935 2
3645 6333 3
4578 9857 3
3968 7447 2
89 8339 7
11277 13707 2
9993 11903 2
6823 8274 2
8972 4602 2
345 8232 2
3691 145 2
7160 2378 3
7621 2726 2
7817 8098 2
6808 7892 2
7254 12682 3
7273 12096 6
7328 115 3
1185 2135 2
10955 3200 5
11180 11236 2
2365 4818 3
8876 11891 3
13399 9360 1
9839 5933 3
11744 12921 2
11546 1526 5
9330 12428 2
5766 5697 3
9129 7646 6
3988 9477 0
2882 5853 7
13410 2517 3
2271 11405 0
3955 11790 6
5996 9683 2
7522 8826 3
1042 9898 2
12427 13101 2
909 6212 2
10134 10046 3
1314 2240 1
321 7795 2
6116 10450 2
1220 6822 2
764 6199 2
9813 4398 3
602 10904 7
350 1979 2
4469 6940 3
6676 3464 2
13962 2430 3
9922 9600 2
3636 3015 3
1810 10240 2
12272 4804 3
3931 8385 3
2652 8747 2
10332 13780 0
1967 4014 1
840 15 2
1176 11404 2
12083 12923 2
2984 9812 3
11743 8251 5
11101 5899 5
6851 8562 3
5615 5220 0
7466 5399 2
522 13288 3
9003 5778 3
4460 10256 4
6043 11224 3
11858 9195 2
6721 13146 6
2102 9547 2
12131 8933 3
5096 5094 2
11335 6558 4
422 1932 3
1857 4208 2
2751 9646 3
12370 7493 2
5768 21 0
7825 7965 3
9316 5046 3
12317 3410 2
8422 217 2
9717 12512 0
2533 9388 3
7929 10776 2
2613 13792 2
4883 2223 3
5913 13779 2
11371 8582 2
2766 6486 2
3123 4178 2
2528 31 3
4125 10951 0
1591 7081 0
1142 4035 2
9997 6650 2
10319 9847 3
6088 5936 0
5314 7037 2
7602 1399 2
9855 935 3
7321 3124 6
5374 10614 5
10459 5665 3
5310 10208 2
6537 7562 3
3977 8925 1
2390 11354 2
11894 1625 2
7568 8776 3
404 4795 5
8772 945 3
10245 13217 2
3686 4637 3
8212 1784 3
11413 3785 0
11906 6642 2
12774 4355 5
5988 5623 3
6587 11411 1
13766 3708 2
5000 2492 3
6804 5775 0
4703 3152 3
3526 8540 2
7993 7169 2
1372 10299 0
6425 6614 1
4934 11591 3
1843 4810 2
9566 16 2
12835 9204 3
3589 10022 7
897 4480 2
9148 12518 2
6884 6426 2
13305 12318 2
3106 7684 3
9020 6700 7
2105 10765 1
1491 6934 1
5807 3105 7
3338 6237 3
450 2178 3
3307 2442 2
8691 8709 3
7520 2217 3
359 13334 0
4284 8482 5
10623 12340 0
4653 12281 7
1960 4251 2
4096 8381 3
8922 8500 3
8962 1811 3
8244 6099 4
12262 11896 0
12420 6678 2
1848 8007 3
11359 10340 3
395 10984 3
5312 9612 3
6774 448 2
9448 3707 2
2871 6181 2
5222 2997 7
7424 6766 7
8714 10446 4
8148 7401 1
8229 13405 3
2700 13566 1
11213 519 2
1961 13209 3
9766 8269 3
721 11485 2
1397 10328 3
5535 3681 4
5037 667 0
4334 12609 3
9161 13383 3
2393 13544 2
6637 1006 2
13448 1048 7
4529 2661 2
2965 2422 3
10033 7449 3
4350 142 2
4095 5942 6
12134 2996 3
5469 9087 2
10722 4180 0
1065 6488 3
4155 9747 2
10193 12627 4
6068 7207 6
7050 10523 3
12379 7156 2
6601 9656 3
9456 10327 3
83 5346 0
8677 831 3
8499 12151 2
2662 10403 2
12579 13490 2
13758 5769 1
8049 10932 3
128 11977 3
3421 10016 3
11659 622 3
1093 12503 3
11323 10972 3
12898 9583 2
5335 8000 2
4802 685 2
1442 1462 2
136 2407 2
10292 1702 3
8538 6387 2
10813 1250 2
3208 12276 0
4226 198 2
1955 2897 3
3841 10682 3
880 11106 3
13551 8215 3
2204 237 3
8454 1346 6
4984 2924 2
4322 3079 3
6562 13868 5
736 13617 3
7052 4491 3
7407 8952 2
8566 5700 3
6947 7498 1
12616 6585 3
10730 2880 2
11941 9666 3
1430 8392 3
3506 3945 3
6673 9864 6
3057 10207 2
8469 13731 3
3211 5265 2
12208 11899 3
4721 6886 2
13001 3922 2
6019 2670 3
7540 9992 3
3254 662 6
5131 3544 3
9888 13604 2
1756 1202 4
2718 12038 4
13712 11928 3
3405 6022 2
1431 8280 3
5763 8797 5
844 13060 2
7293 3231 0
11637 9114 3
449 866 2
576 2855 2
12617 655 3
11293 3187 2
7361 9963 2
757 11446 2
5540 8266 7
12738 11151 5
5614 3452 2
4360 10118 0
6751 12741 2
8924 4753 3
8810 7152 3
9578 8002 3
3239 6716 3
9323 344 2
12494 9655 3
1035 1632 2
9244 13885 4
11868 8365 2
2537 1779 4
3727 6939 2
905 8720 3
3818 5686 3
5735 9838 2
1100 10254 1
11729 2656 0
13141 3836 0
1886 6907 7
8358 1328 4
12059 1885 6
11548 5303 2
10885 11826 2
3274 12440 2
2466 2754 3
12298 3562 5
2031 1781 1
6312 7055 2
5330 12740 6
3719 6172 7
5600 3641 3
1345 5223 0
9923 6248 3
13830 4855 2
12972 9782 3
5297 630 7
3024 2597 3
10377 7443 2
9292 11396 2
8421 7425 2
223 10652 4
7970 796 2
10502 10698 3
3320 6703 3
11334 889 2
13720 4041 2
5315 5581 3
1506 832 0
11821 12295 2
13412 8832 2
7408 1940 3
7758 11748 2
10792 2814 0
8133 7574 5
12735 8109 3
95 7798 2
8059 13298 2
5443 2558 2
12291 4570 3
9018 6674 7
12177 7429 2
5354 6624 3
13390 5271 2
6211 10601 0
2642 13355 2
3203 12394 1
2514 7873 3
228 6877 3
7227 11365 3
10916 13970 2
9009 3943 3
9590 13563 5
8095 7046 2
7604 1003 3
7546 13330 7
1278 11198 2
4838 9405 2
2843 3443 2
8143 3908 2
8882 4094 2
6018 6273 3
7008 306 3
6251 7042 3
10426 5400 4
13126 5692 3
3558 5713 2
10106 10977 2
7682 5705 3
4202 6420 3
7584 9310 3
9141 9548 3
13587 7954 2
714 3642 3
9882 807 2
1744 2385 3
6262 4194 2
2968 3041 3
2041 7307 1
7596 7020 1
4393 6205 3
3027 11484 2
12875 9617 2
6521 9952 6
8975 2715 0
7982 51 2
1287 3280 4
6547 9092 2
2050 2435 2
9386 2848 4
7985 3457 2
7075 10434 2
3994 9835 3
6061 2575 2
1876 4215 2
13919 7863 3
9803 11893 2
2406 4763 7
2540 5782 2
6203 713 1
3034 10422 7
13184 400 2
3850 5499 0
1975 13308 2
12277 7905 2
2443 13949 3
10646 8734 4
4488 10954 3
8164 11066 3
586 7987 3
1492 4354 2
643 998 0
6779 8449 0
7127 8970 3
12028 578 2
7128 10628 3
6872 3709 2
1225 13112 3
13229 9638 0
12167 2548 3
12850 13574 5
250 12191 0
12839 4849 4
4082 13946 2
2853 5611 3
9529 4023 0
3516 2039 2
7372 6626 3
11982 12919 2
6240 8693 2
2975 2861 4
1040 1951 2
5523 12153 3
10805 1816 2
2220 2933 2
1213 656 3
7342 7590 2
6482 10721 3
9333 13339 5
4158 8652 2
2128 10188 3
7793 1498 2
13649 493 0
13533 10867 2
6854 4136 3
979 2334 2
1524 4928 0
7415 3189 3
12397 286 1
3983 11879 2
11078 3175 3
4137 12913 2
7191 12119 0
3071 1809 1
13714 6243 2
10640 5818 5
3982 9521 1
11057 4250 2
823 5302 2
5189 8241 3
3456 6295 3
12975 2082 2
13534 6381 7
5835 4572 0
4304 12304 3
5170 2888 2
9095 8060 3
2069 4248 5
7405 4463 2
9517 1365 2
8578 3115 2
1858 1764 2
8308 4661 3
5178 2582 3
8973 1047 3
3647 10930 3
12853 2071 3
6352 7999 5
8457 1700 2
9346 7433 5
3928 6897 5
3025 11908 2
11831 4646 7
12546 8969 2
13643 12492 3
6817 8040 0
12120 728 2
6738 135 1
1338 3733 0
8542 10017 2
12444 2916 5
4688 7299 3
8520 2474 0
2889 12857 2
2123 5135 2
11486 7311 2
6664 4672 3
3403 12308 3
2803 7617 3
13985 12683 3
13646 4943 3
12190 13054 3
10882 4712 2
6669 7709 6
310 7506 2
7553 6829 3
13488 6208 3
2953 3044 0
9929 5816 3
11691 10068 2
4793 2960 3
1789 10136 2
5186 5862 2
11339 5270 2
3640 2036 7
2368 7927 2
8159 1522 2
5418 9763 3
9768 6634 5
10833 7022 4
11046 3253 3
7667 3916 2
13549 9690 2
10583 118 3
2567 8124 3
5602 13072 3
2618 4273 5
929 3140 3
3422 13203 0
3803 12460 2
2603 8225 5
8201 1403 2
12122 3881 3
6761 6443 3
7117 6324 4
11367 1392 2
9974 5394 4
2617 11767 2
7922 7138 3
3225 11714 3
8483 11775 2
733 4765 2
12324 5379 2
8698 11023 3
9379 648 7
2318 981 2
9604 4723 3
13373 4953 6
913 3250 2
12251 4869 3
8712 6574 2
5273 1416 2
13329 10475 3
8020 1870 2
11021 1815 2
12051 4634 7
6368 358 3
11699 155 2
1807 1711 2
1900 265 1
13271 11622 3
108 4161 2
13849 10957 3
2572 9120 2
11702 2955 2
12968 9140 2
8484 7219 3
3087 7018 3
3381 12297 0
9748 11074 2
242 8829 6
10671 10204 2
9634 9300 2
679 9338 0
11346 13530 3
835 6815 3
163 677 2
13607 6307 2
3944 7776 4
6250 3530 2
10786 6164 2
2981 634 0
11341 2602 2
6461 43 2
10744 3482 2
5209 6372 0
12595 11515 2
5501 23 3
7032 10409 3
311 4625 2
6546 4277 3
2386 10575 3
5709 5719 2
3876 8294 2
5347 10444 3
8300 2018 3
9505 2428 2
12367 6077 1
10865 2331 3
5462 3911 2
13611 3602 3
4264 8872 5
3414 3084 3
13723 8603 3
1473 11077 0
13370 1571 2
11668 7245 1
113 11442 1
13668 9172 2
10606 5908 3
11813 5148 7
141 6192 5
13597 9366 2
11698 2057 2
11470 12534 3
10991 1460 5
4212 12271 2
295 13461 2
3563 8069 3
7495 10538 3
2592 4173 0
1099 13216 3
11251 10003 2
4442 12215 2
8774 1224 2
2857 7094 7
7048 11925 2
3310 12172 2
4815 1274 2
11844 729 0
8909 13593 3
3823 12455 3
12332 654 3
1825 1266 3
1326 5515 5
6451 13205 3
12226 8681 7
2476 4119 0
8631 11717 2
3052 1713 2
6887 5381 2
3475 3660 2
8289 9787 2
10778 1989 2
8390 10086 1
7946 5717 3
2317 3613 2
6042 9028 4
7393 4154 3
5596 9994 2
13955 9775 3
13460 5136 5
12510 5267 2
12952 10966 3
4995 6401 2
2259 13568 3
13647 8717 3
10678 5237 6
767 307 0
12831 12033 7
12757 3947 3
5055 5496 1
6149 4385 3
4862 7225 0
8189 12664 3
8349 11971 0
11397 8047 3
698 10510 1
11110 2911 4
9134 2495 3
8411 10385 3
620 5721 2
2054 12361 2
8321 9969 5
8242 3600 2
8176 7132 2
10663 9771 4
6604 11261 2
6104 382 3
10837 1751 2
5764 10889 3
7504 2502 2
13539 10791 5
8319 13881 2
9296 11118 2
367 9478 5
10364 4106 2
13666 1242 3
461 1322 2
6839 11559 2
3154 5345 2
6437 5190 4
6274 13020 3
11914 9363 2
6632 7734 2
2202 7090 5
2411 801 2
9387 10066 5
6030 5609 1
5795 9167 2
7673 7272 6
1038 6360 5
6331 231 3
11032 226 5
668 800 3
13760 4001 2
11746 8055 3
8699 7691 3
5821 6923 2
11402 6438 1
7438 12892 5
10362 5214 2
1109 4371 2
4581 4434 3
8875 7016 3
5305 7756 2
8100 6082 4
11674 7058 0
4018 7298 2
6128 3869 7
10766 4867 2
10164 566 2
5442 5801 3
8247 3364 3
6305 13765 0
7731 1806 3
4262 4805 3
530 4531 5
101 6802 7
7526 7913 2
8430 5599 0
13129 10767 0
2902 3367 2
11448 7911 3
6090 5833 1
4394 189 0
6308 13491 1
10790 3244 2
1760 12636 2
10877 11018 0
11526 9331 3
4502 4186 2
8653 6109 3
3196 902 3
12825 10170 3
5866 6133 5
10724 11481 0
8904 7827 3
5182 11303 5
11683 5500 2
10768 13142 2
5404 2598 2
10179 2819 0
9044 1780 3
6792 5966 3
3163 9299 3
5516 5954 3
10359 9559 3
8462 55 3
10817 5461 5
6293 9152 5
11412 12438 3
11300 8263 2
5603 11264 2
7668 7229 3
4589 7376 5
5870 3210 3
10762 11835 6
11983 12347 3
9536 3546 2
7014 730 3
8846 9562 0
1611 6001 7
4743 13510 0
10295 12571 3
8088 8318 0
5352 8016 4
6508 5282 3
10804 157 2
8729 2284 2
5873 1944 3
4936 7481 0
2520 12832 2
6226 4370 3
8295 864 2
474 5166 2
3769 7103 2
3227 6995 0
11080 13673 2
4830 1578 7
11820 3958 4
8574 11096 2
12132 13979 7
3176 3494 2
6712 13044 5
4630 10912 3
12781 6719 0
8372 1993 3
5750 1706 3
10579 12166 2
8921 10070 3
3628 11827 2
5448 10605 3
7266 8155 5
2012 1909 2
12294 8211 3
2251 9906 2
13452 440 3
12939 7146 0
657 964 3
13940 13089 2
13556 2243 2
9247 7517 3
8967 12663 2
10030 12520 2
8267 10488 2
8373 5917 2
8009 13929 2
739 2870 5
911 12762 2
12567 5392 3
12355 12727 3
922 1469 1
7354 13631 3
3262 13398 3
3092 13715 7
13302 11719 7
3798 13125 3
4949 3985 3
8656 5152 2
2605 1690 0
421 6290 2
12068 13470 4
6330 10799 6
2136 11138 1
4933 3077 3
3637 6227 7
3796 10764 3
13527 13344 3
852 13595 2
1056 6813 2
8680 3349 2
12653 10961 2
4990 6646 5
6341 4827 5
3991 3503 1
8919 6448 2
10415 12378 0
408 3703 2
8234 9998 2
9550 7062 0
10010 3960 2
9224 8673 3
2092 3400 7
3792 13907 2
2945 3109 1
10391 6410 3
4618 4077 2
81 12403 2
1366 6800 7
8796 2234 5
9700 3417 7
485 11104 6
12432 1931 2
3725 11373 3
7097 6572 2
3730 12927 5
4315 11451 2
5332 3863 7
9049 1405 5
6439 12235 2
12699 4823 3
7899 6541 2
12457 13960 2
11645 6900 2
6554 13532 2
11417 5930 2
4453 8576 3
4664 40 5
11314 4088 2
7753 9946 2
1523 710 3
2820 11381 2
13403 13504 3
12754 7856 3
7799 7093 3
4868 3907 3
5322 10694 3
9909 8414 3
3579 7176 2
6039 8190 5
888 9001 2
8700 3329 0
5478 8990 5
12794 549 3
7874 1929 2
1862 10542 2
8147 1464 3
11012 12964 2
3920 12484 3
12171 9736 0
11472 9417 2
67 10309 3
12320 1114 2
3242 3129 2
2473 12614 2
9499 10687 3
7141 7315 3
1558 2992 3
6094 12359 7
10780 1131 3
9932 10710 3
2175 10274 3
2112 13846 4
13670 5468 2
6818 11437 2
7991 2278 2
3230 6856 2
11273 1740 3
7906 10686 3
10195 7137 2
11958 10092 2
5073 4174 1
1389 8910 5
661 2862 0
13797 13972 2
6359 577 3
12217 1463 2
4898 6416 2
3812 8735 2
10410 104 2
10145 10151 0
9460 11676 2
12225 10735 3
9307 8945 0
4210 5963 2
1222 12978 2
7860 871 3
2373 5029 3
10400 708 0
8154 11167 0
1894 11098 3
11849 13832 4
3146 511 3
13421 8791 4
13477 5134 3
1581 5682 6
12285 1162 2
11641 13200 3
1094 8151 2
8298 8371 2
3090 9343 7
12163 12247 2
8526 13569 2
13455 12641 2
5056 9207 2
6157 2566 2
1962 5751 2
8488 3162 3
5368 5777 3
10948 10832 2
9870 10975 2
2321 13857 2
12677 2120 3
2426 12243 3
12570 8187 7
4338 1219 1
3545 4925 2
11056 10985 3
7641 2854 2
12152 13807 1
10638 13487 3
13469 7177 2
7388 647 7
4034 1300 3
7375 4487 3
1351 13266 3
5230 11695 3
1120 6310 2
1916 9451 3
12091 3498 2
10848 10269 2
5455 420 2
8891 13328 3
391 90 3
11585 9596 0
4105 4294 4
751 11349 2
3573 6715 3
7601 1687 2
11114 13050 0
8738 2903 2
6220 13575 7
9435 11878 2
9180 8491 2
6504 6219 2
13393 11797 2
5955 6535 2
5406 1680 5
6391 4968 3
12736 11433 1
4330 8479 0
2810 6909 2
10296 13988 2
3771 990 3
754 6527 2
2431 13942 2
9297 2993 5
10498 4222 2
7815 1115 3
3192 8413 2
1375 8983 0
955 13822 3
11174 2579 7
2601 12423 2
7782 9226 2
11817 2006 3
5491 3424 5
8056 3268 2
3542 948 3
9434 5129 3
13091 10582 2
10297 11468 3
1827 8758 3
9568 12912 3
12552 11100 3
10931 114 1
7698 7274 3
5181 5848 3
4881 3346 5
597 2491 2
12495 13791 2
6659 13098 3
7102 11435 3
9522 4701 3
11366 10782 3
6652 10996 3
1206 1973 3
4603 7930 3
2944 4741 5
4245 6910 5
12734 6036 2
8182 13379 2
2151 3584 7
6294 8927 2
900 13097 3
12147 5654 2
4577 5365 3
9463 10527 2
2961 1543 5
1031 5101 3
9099 9793 7
11534 6625 3
7564 1623 0
13263 11269 3
11494 9804 5
2951 12064 6
13759 13450 2
13337 10423 2
9893 5259 6
369 2764 2
12551 4097 3
343 7419 2
12405 12106 2
248 273 4
5849 10470 2
8752 6685 2
1814 11423 5
5604 9282 2
7 9498 3
4921 2239 2
6311 7754 1
5561 11652 4
349 13688 3
9588 12088 2
4313 3804 2
1299 13876 3
12709 8470 0
11028 609 7
1169 7292 2
12334 7068 1
6255 694 3
13788 10947 2
6728 1330 2
10045 1917 3
5466 7430 2
8202 4772 2
5043 7069 3
601 4181 3
6968 13236 5
12656 3702 6
5803 7661 2
10826 11635 3
12749 3664 1
7296 13767 2
12195 9490 2
3334 13207 2
12642 11823 5
3663 229 0
1785 9967 5
12138 11147 2
13770 9830 0
1746 8640 2
4462 9856 0
9063 6129 3
11839 12949 3
13851 8123 2
3445 380 6
13969 6744 5
13218 11639 0
13782 2503 2
11382 9408 5
13662 10937 2
5283 335 2
2508 2433 3
6984 8911 2
9446 266 2
13297 8052 0
6863 1798 3
3337 2381 4
9650 1090 2
2760 4145 2
8401 4505 3
13894 7208 4
12845 2584 2
12103 5865 5
6235 12541 0
9981 3698 2
6026 702 3
7663 13063 3
9769 7365 3
4839 13321 3
2735 4200 3
10781 11128 2
5384 6323 3
2638 13625 3
7781 3273 0
9681 3032 6
10034 9555 1
633 30 3
12453 4280 2
7745 10688 3
4039 7606 3
3735 9317 0
4711 4840 2
6245 6885 5
2599 9268 6
13426 13441 3
3710 11288 6
5671 3949 2
10910 10177 2
5255 1698 5
10333 11700 3
4064 12513 2
12467 2913 7
5299 4032 0
1147 13006 2
185 8979 2
11278 12604 2
10270 3491 3
11375 12584 2
9076 3113 3
8271 12141 2
8101 11664 5
1073 10613 2
7891 10124 0
13083 6514 3
881 6567 3
4447 781 0
1000 9430 2
13270 1981 5
7355 4420 2
473 13359 2
10611 5164 2
6286 3298 3
1353 8834 3
13467 5147 5
9609 5023 3
6204 13802 2
1788 3513 3
6259 12058 4
1841 6729 0
8297 4111 2
1941 6034 3
10169 1343 2
4837 6654 3
2076 5787 2
8724 8950 2
9786 1255 2
2707 1204 2
7013 9409 2
6610 7695 4
5086 2583 2
7123 3236 4
2669 12630 5
7680 13997 3
5361 1232 2
12161 1845 3
553 12806 1
9632 3347 3
12372 5714 3
284 5858 0
354 8629 2
10404 6265 5
9355 10703 2
2227 5078 3
8518 7862 0
5413 8780 3
6069 12647 4
4976 7283 2
7172 5926 3
11191 2275 2
7326 2211 5
2936 11304 1
1689 2658 2
1486 11594 2
12997 47 2
11434 12003 3
10997 10572 2
6582 2986 2
12210 38 4
7044 1210 0
11146 5906 5
4104 9540 2
9168 8341 2
10210 2342 3
10994 6593 2
1406 3007 2
2472 845 2
8517 7105 2
3447 3757 2
12431 3750 3
4758 76 3
1165 13659 2
8019 3762 2
2200 2974 2
13169 10720 3
12646 4230 4
1685 13943 3
12926 9082 4
2089 1747 6
6406 4929 5
8185 666 3
2569 5644 0
13269 11038 7
4167 4799 5
4972 1921 3
2825 2418 3
5958 9365 3
5767 6175 3
9276 11623 2
9236 12790 0
1605 467 2
13127 13466 2
1991 8071 2
560 1851 1
10715 8347 2
2704 12048 3
2149 6 2
6218 8723 1
2518 12237 2
9833 457 2
1833 1359 2
9979 3865 3
6289 10518 3
11350 11395 0
7428 8637 2
13506 2563 2
10666 10443 3
6414 10917 1
10850 1726 2
10915 4890 3
1974 4153 3
5018 9255 0
10883 1842 3
2931 7885 3
704 3260 2
1363 10590 3
13542 12538 2
8551 8845 7
1714 4282 5
3399 2397 5
1281 5877 2
5606 7558 3
10873 8219 2
5150 4808 4
9820 13378 3
4876 1156 3
2095 12144 3
1914 9546 6
7572 12891 2
786 10432 2
7683 1600 5
9720 2589 5
6745 7218 0
4113 5712 2
12234 7442 3
12061 951 2
9187 12539 3
8884 4798 2
4854 1855 3
9789 4449 3
9599 7735 0
10988 54 3
4778 5891 3
6498 4046 0
12624 11155 2
4099 716 3
58 278 3
10429 11332 2
931 8328 2
8987 1905 3
1221 12408 2
641 8474 2
11599 6449 0
9631 13896 3
5386 6495 0
3694 2716 7
479 11407 3
9848 13893 3
11425 5527 2
8186 13698 3
6651 1628 3
4812 1493 3
8270 5799 3
3141 722 2
1847 8014 2
10356 8593 5
3717 3950 5
6048 7622 1
10587 6334 2
1621 9181 7
4657 10006 3
13958 870 2
9854 10557 5
9177 7871 2
3549 6328 3
1737 8550 3
4435 7494 3
13573 3761 2
4863 10641 1
833 3951 2
6452 5974 3
816 9819 0
6421 6985 1
4915 10148 2
10827 687 3
10384 1089 2
1656 10183 2
3878 13657 2
11216 3990 3
13883 388 2
2021 7477 2
7803 11916 3
7960 9705 6
434 4090 6
3107 9752 5
2152 10067 0
4612 214 2
2308 11620 0
5481 12603 3
3895 5661 2
10821 1615 2
11464 447 3
1943 3267 4
4742 11735 2
11487 10758 7
12705 5177 2
1258 12590 3
4573 13276 3
12909 11834 3
1200 3216 2
3776 3864 2
12373 4622 2
12769 12113 2
2733 5263 3
2229 5323 3
7458 10911 2
9573 5663 3
2453 9097 2
12674 9552 5
2338 619 2
13922 10591 2
1432 13385 3
10387 10775 2
8327 5225 3
9924 5143 3
5814 5133 7
11818 5366 3
3026 4790 3
13854 8082 2
7234 13250 2
11689 7615 6
8222 2659 2
4858 6519 5
6143 2893 0
3529 10338 2
10447 2770 3
1667 2675 3
9841 7992 3
6045 1538 7
5650 428 0
13319 6665 2
12708 8140 5
8874 13586 2
13258 8036 2
8750 8783 2
11723 1467 2
9232 12069 1
7686 13585 3
1443 4076 2
5380 5722 3
6880 11219 3
13018 13023 3
11476 10078 3
5934 12206 6
639 2788 2
4587 4844 2
378 811 2
13918 339 3
837 11713 5
188 8240 3
4997 4642 2
1458 12715 2
7660 6184 3
6180 8756 7
3668 2249 1
10777 977 2
7185 8146 5
3729 10660 2
4516 1757 7
5856 5867 0
9339 6429 0
10981 1227 2
9662 5621 0
506 13944 3
13232 9718 3
11862 10011 3
10924 10376 2
13024 12970 3
13605 1721 2
1565 283 3
10365 8045 2
1515 3551 2
9375 13178 3
4689 6300 2
1953 11017 2
5593 12574 4
1860 6755 3
10229 6655 7
4811 4157 7
12633 6436 5
1085 5730 2
4923 720 3
9520 8139 3
2969 4368 3
5684 7248 6
1844 4903 3
10815 10896 2
12610 10284 6
1701 13025 2
9106 8061 3
4220 10438 2
432 13194 0
4328 7846 0
4478 7073 2
3374 9419 3
12006 7786 2
3067 10166 2
12260 6139 3
12053 10234 3
13026 6682 2
1419 2230 3
3449 3341 3
5252 10437 1
7021 956 2
9223 589 2
11244 12547 7
3575 13750 3
462 4204 1
1415 1426 3
1695 13501 2
10863 3248 2
7183 9649 5
7864 3527 2
7012 1742 2
11617 6424 4
11370 11824 5
3888 7950 2
8914 6481 4
13115 934 2
13612 13366 2
6456 409 3
2719 12480 6
6249 1279 2
8466 1863 3
12450 13030 3
10059 11475 2
5570 13363 3
4214 3632 2
4699 13474 0
6553 6194 3
3783 3407 3
12529 13499 2
9309 9954 2
4323 2650 2
12589 11156 2
3269 10636 5
13948 12037 2
6342 2245 1
10514 317 3
8695 12706 3
4238 11986 3
515 6320 2
12385 6752 3
3167 11197 2
9534 1380 1
6332 7228 4
12521 366 2
12072 11279 2
5718 2184 3
10061 9949 2
1874 7348 2
2833 7056 3
4358 7699 2
9131 11313 2
9672 642 2
11922 3653 3
13437 12753 2
7017 415 2
8804 13228 2
13396 10625 5
10594 3193 2
507 12996 3
1376 10717 3
13130 4451 3
9602 2479 2
6573 3753 0
927 8507 3
11950 220 3
13548 4403 4
4632 7409 3
11185 13801 2
5089 8799 6
3223 8753 5
13725 12415 3
4736 11179 2
1813 12125 2
7327 1112 3
3809 10818 0
12250 6475 3
7086 7812 5
268 8209 3
13579 13622 4
13182 2352 3
5569 1935 0
3518 5092 3
3161 536 0
3561 6756 6
13172 3509 2
7920 6435 2
13073 7241 2
13435 7452 2
2774 12487 7
6000 11888 2
390 3100 2
12689 3125 0
9396 9575 0
10354 9831 3
10841 4856 3
12914 10248 3
12771 1233 7
6743 8996 3
11175 8899 3
11091 9699 3
1023 1509 2
1175 10971 3
1739 8902 2
488 6552 3
11626 10747 2
2367 10839 2
3852 11838 4
5084 3348 3
13079 4938 2
3408 914 2
13165 3704 5
6023 12560 2
1402 9527 3
6661 11669 2
9312 3946 5
9385 7277 2
8770 13160 6
650 12333 2
5471 4431 2
10895 13626 3
9471 6343 0
6977 4115 2
1121 8649 1
12077 1215 2
10442 9266 2
3136 13717 2
13837 1374 7
2487 328 2
6319 7525 0
7791 6067 0
4586 9978 2
2712 372 2
11126 9071 3
10712 9754 2
7323 2753 2
9444 1668 2
6100 5051 3
13916 2543 0
1396 10235 2
8144 7478 3
2348 7636 3
9788 13682 6
2564 129 0
1995 2690 3
12278 11995 4
4806 4922 3
11108 4598 2
11600 61 2
1915 8420 2
8362 3344 2
8851 10718 2
5810 1434 3
13434 4515 2
853 6850 3
8825 2377 2
11160 9242 3
11047 9476 3
12796 11857 0
3321 10598 7
4118 6115 3
5373 6440 2
8196 12414 7
7876 12043 3
3220 8265 7
2547 9860 2
1092 2668 0
4507 10091 3
12184 13167 3
4031 12748 2
10433 4343 3
7450 12585 2
5070 7074 3
10554 4940 6
2532 280 3
3690 10689 2
9563 8600 2
10242 4761 3
1545 5902 2
8610 13845 2
11804 1230 2
2197 799 2
4400 9511 2
9319 8805 2
13149 3830 3
5247 2499 0
1745 13077 2
2756 11462 2
6731 6297 2
8809 3462 2
0 240 3
7098 5436 3
11519 122 3
13221 5451 3
3023 8224 2
625 5426 5
9790 10748 3
24 2242 0
1884 5420 3
8736 12525 3
2237 7470 6
10914 13280 2
989 6285 5
7928 3627 3
4151 212 2
10675 1265 1
13911 8502 2
9642 8607 2
3919 10238 3
215 1298 0
6217 12472 2
1078 4780 2
8548 12258 3
11085 2427 2
13341 5564 3
6050 12496 1
6952 9199 3
9970 5208 0
12261 7189 2
517 5960 3
7147 1284 1
3957 5217 2
886 11444 3
738 10054 3
10155 7145 3
11318 6388 3
259 1793 2
10854 8301 3
13823 316 3
4828 8188 3
3788 6224 2
1435 2214 3
3879 6683 2
1875 11507 2
6933 3598 6
1034 9351 3
10588 6107 2
8733 8004 2
4189 10529 2
3959 7797 2
13888 1408 3
5658 12608 3
4931 6607 2
10212 5643 3
8635 5555 2
2710 12193 4
2768 5924 2
10280 826 2
11711 12323 3
12197 8237 2
11649 3705 3
746 11976 0
1482 11517 5
9228 8398 3
5137 10481 3
13939 10533 2
8114 7029 2
4020 13536 2
5201 10005 3
1436 13718 2
9280 413 1
1697 8737 3
5820 2413 3
4585 1672 2
4362 5276 2
4950 12491 0
10082 3303 2
126 4185 3
9743 11989 2
11779 8135 3
4713 11414 3
1824 2586 1
7651 10439 3
12436 6253 2
8012 4740 7
8410 10683 7
12743 13039 3
13850 5522 2
5987 3008 2
10556 12175 0
1795 8275 2
2525 12025 2
1883 2727 4
1590 8565 5
8815 11959 3
9879 10681 2
1158 7371 3
11284 9466 3
12344 554 2
5012 987 3
3885 2535 1
7291 12050 2
2454 1772 3
3331 12530 2
7091 13669 3
4747 10963 3
11625 6071 2
1898 7460 3
13368 8495 2
4566 520 2
2166 4786 6
8620 5240 3
4129 5119 5
756 3354 3
7114 12031 3
2083 12782 2
6937 4667 2
5476 6125 2
2327 8861 3
10559 6150 7
2786 11199 2
2627 6844 2
5108 8812 3
9395 11257 5
12164 1398 0
6833 6056 3
3532 8480 2
4639 4329 6
940 3857 1
3825 2190 3
466 13932 5
13507 8248 1
4293 4584 2
5005 5636 0
1074 356 2
8546 3134 1
9582 1537 5
11053 2505 2
9947 11841 7
12843 10831 3
12265 8838 3
9157 2507 2
1743 9324 3
11290 13144 3
11793 12005 0
12135 13480 3
5467 4013 0
5090 2179 6
1986 4649 3
10879 2372 6
10902 10907 3
10691 4631 2
9488 9078 7
5482 6473 3
11172 2233 3
2864 13968 2
4973 1280 2
13602 3450 2
11083 3286 2
3088 8848 2
11390 9329 2
12784 4717 3
3585 1502 3
2954 8762 3
9194 2874 2
2845 7519 0
9392 9530 3
5567 10209 3
12490 7464 2
10869 4992 3
7480 10939 0
1579 10152 2
3964 8905 7
9678 3169 3
7767 4138 2
7727 3736 2
10368 7878 2
10992 11352 0
10224 12947 3
3539 11089 7
10477 6986 3
6636 9352 2
3465 12686 3
6288 12424 1
2553 13936 2
2890 12818 2
2346 7884 3
12886 5359 2
13442 1643 2
4123 6549 3
8525 13645 2
8005 7278 3
6021 27 2
4291 3096 2
1856 11455 2
2207 460 1
1723 2470 6
3382 6663 2
7585 13345 3
6647 173 3
4206 10555 3
3158 7654 3
13108 4796 0
5488 2860 2
4554 3519 3
10560 8696 2
10794 396 2
11194 13999 2
4479 1290 3
6301 6680 3
11537 11020 5
2687 9518 2
12673 5256 2
1401 3548 5
3840 5242 2
3186 10283 3
25 8078 7
11109 1802 2
5553 6824 0
12645 93 2
8516 13864 3
13009 10478 3
8011 11302 2
8402 8703 7
13965 9737 3
11938 252 2
9006 153 3
11062 10063 3
4693 13966 2
10741 12864 2
12712 2923 2
13738 5788 2
8305 9659 2
2962 13331 3
11738 1597 3
13029 7650 2
7749 6350 2
13343 73 2
8400 2460 3
8445 12877 3
6611 4235 3
12115 9178 2
6754 12719 2
4249 2919 2
6591 9510 2
11214 11970 2
5411 6459 5
12074 5986 7
9093 5674 5
1364 74 3
3466 12985 3
9711 8564 3
2250 8006 4
12011 9445 1
8086 6899 3
11161 1297 3
1382 3754 2
5239 2565 5
5590 11992 2
12293 8075 5
9691 867 2
11967 8672 3
10122 5444 3
5688 12204 1
3247 2337 2
954 12973 7
7774 8325 3
4411 1635 7
13096 13610 2
8638 2000 2
12814 7414 3
13540 13855 2
7275 3074 5
2775 10819 2
13193 3965 3
3875 4809 5
8170 532 4
6849 11205 3
5160 1877 2
9772 7533 2
8252 3076 3
10080 607 2
4935 1924 5
8331 6223 3
12829 8543 3
7451 1081 3
11268 745 2
10476 5251 2
12922 9919 2
11421 610 3
10651 9611 3
8136 5360 5
1410 7676 7
3909 8493 2
2116 4243 3
10144 8465 2
12962 6845 0
10521 10165 2
4744 71 2
9549 769 3
1323 7697 5
10325 7382 2
5001 9007 2
6147 4720 3
11123 13212 3
10820 6811 2
7609 7312 4
11798 1438 3
10074 11064 2
7047 8351 6
9239 9107 1
13068 13748 3
3683 37 3
1938 8312 1
9601 717 4
7107 6214 3
13275 13581 2
9914 7844 3
1796 8492 3
13282 8067 0
9042 3538 2
3926 12908 3
10007 12659 1
13292 10600 3
10696 6187 3
11317 10507 2
10218 12963 2
9686 732 1
6159 822 0
10891 1620 2
3028 2946 5
2127 5334 4
5813 13106 3
12187 4942 1
5589 13908 3
4530 3119 3
2909 13268 2
82 2511 5
7512 2300 2
10742 13332 2
12227 5691 3
6152 4918 2
3822 3453 3
8142 5683 3
6363 2093 3
10876 11049 2
357 6489 2
3685 10814 2
13430 2444 7
3623 1618 7
8597 4279 1
9544 6667 0
12310 11322 0
5244 4517 3
13362 5533 7
10693 11036 1
3263 12336 3
7034 319 7
13489 7246 6
12994 10408 2
4237 1636 2
6874 10163 3
1357 9487 0
11832 1140 3
1001 4072 6
11326 9985 2
892 13159 2
11333 4629 3
7339 2649 2
2926 3122 3
3887 10578 2
7849 12039 2
13116 9283 2
2118 13591 3
11456 5124 2
8614 13314 2
6015 6805 2
9068 1892 2
2755 13017 6
1728 5243 1
11307 5639 2
12989 1741 2
5887 127 0
11852 706 3
12256 11665 2
7762 652 2
13814 11539 3
3565 6003 2
4563 13664 1
5388 2263 3
6275 936 0
12109 3580 2
4081 2847 2
5188 7708 5
12851 4501 2
10057 2302 3
1138 8553 2
9354 12099 4
8471 11502 3
8416 4184 4
7027 5331 3
8076 7173 6
12602 10528 3
3557 7889 2
11629 8678 2
3496 4084 2
2115 12707 0
11716 7076 2
11357 3766 3
303 3778 2
2423 9897 3
9871 7239 2
1361 1650 5
2157 6662 2
1954 13402 2
10986 574 3
11634 8662 3
7978 6526 7
8608 3578 2
5925 8377 2
5199 9086 0
3646 3330 5
11621 19 0
1761 7834 4
6837 183 2
6494 3012 2
2244 10673 7
3104 6119 2
9035 11734 0
12668 9778 3
9101 2137 3
7801 8946 3
5537 2800 2
12192 12593 2
11039 10978 7
13890 1530 3
2013 9584 3
1770 10159 2
957 10719 2
1470 12958 2
3232 6491 5
7759 7990 3
2906 11783 2
4367 9186 3
13821 12032 2
281 6029 3
9422 8292 2
3075 8605 4
3721 1718 5
734 10458 0
2743 501 2
1108 5185 0
1214 11376 7
9896 2085 7
11574 9828 3
11604 7110 3
5319 4292 3
202 13923 2
9878 1337 2
10313 8476 2
9075 9645 1
4089 725 3
1190 4207 3
4372 13653 2
13011 10785 2
5912 13213 2
2832 623 3
12662 3659 3
8642 9361 4
5999 4640 2
3831 3143 3
3902 13697 3
4333 12176 5
11348 5897 7
3626 5841 2
6480 8073 6
9143 12775 1
1873 2973 3
4087 8322 2
2632 5525 1
179 232 4
7707 2440 2
11065 11489 3
9132 1539 6
7674 6242 2
1370 10335 2
12704 1217 2
10779 11240 0
6412 5707 7
11360 5213 2
2964 3423 6
12095 12345 0
9019 2180 3
3316 3639 3
1893 8837 2
3214 4268 2
8622 12116 3
11628 2469 2
2312 6171 0
2011 11777 5
26 10637 2
7221 6174 3
7318 12943 0
9972 2134 3
11222 7306 3
4989 8528 3
13808 9371 3
13768 5357 2
9618 10085 3
8217 4128 2
8141 13367 2
10407 3390 2
9966 11978 2
2268 2664 2
8522 124 5
5964 4124 7
923 9926 2
5773 13637 2
11492 337 2
8898 8348 3
1828 10417 3
1980 1187 3
13873 13913 0
4538 6196 2
6702 6122 1
11248 834 2
4679 5932 3
9356 7026 3
1159 10563 4
1963 109 2
3251 11189 0
4614 6771 0
7566 5968 2
7262 13743 3
3473 10004 2
1119 1333 3
5120 8290 2
8423 6943 0
12945 5973 3
8066 11294 2
5045 3221 2
13904 6912 3
7811 13156 0
322 8513 2
7718 224 2
3899 12942 2
4441 13414 5
6639 6893 2
5006 1783 4
13485 6788 3
10107 7784 0
1593 8117 4
4680 3165 5
13824 2630 0
13301 4908 2
10024 5268 2
4941 3670 2
12990 3739 2
1790 1368 3
3431 6066 2
7620 9594 3
4729 13424 0
7971 5077 3
8496 6820 2
9441 7805 2
10399 8934 2
13411 1865 3
2369 13740 2
3674 6356 2
3145 5021 2
290 9166 6
8031 8307 2
13349 5048 2
556 6970 2
9259 1866 2
4927 1681 2
13658 2971 7
13742 13623 3
3874 2741 3
6847 11917 3
1404 10301 2
13680 596 3
7792 5616 7
418 2376 0
9397 6484 0
7868 785 2
9863 3552 2
10935 4575 2
651 11181 3
11952 8641 2
9263 3380 2
12960 11900 2
332 5175 2
4813 2813 3
9701 9341 0
3648 1821 4
13019 10733 3
7775 11252 2
4430 9399 2
8051 6961 2
10853 12280 3
11656 9640 2
10315 10307 3
2465 4223 3
4888 855 3
2409 11590 3
4880 5296 3
125 10574 3
12860 8627 2
7111 12881 0
10800 6749 1
10253 538 3
239 9287 3
6014 6145 2
4678 1296 5
4924 6422 2
11769 941 3
11202 1252 3
6956 3013 2
11239 5508 3
13552 4845 1
9264 5042 2
5431 11299 7
4455 1904 2
5699 8205 2
5808 7722 0
2995 5804 3
1107 9845 1
6392 2209 3
6136 2884 2
9614 5204 2
2328 8811 2
712 5321 3
12447 10801 3
2748 3261 3
3432 6427 0
3222 6707 2
8773 7941 2
2329 2253 2
12801 8584 4
958 12824 2
7475 2090 3
13900 5911 3
1610 5704 2
788 13951 3
9117 11661 2
7087 4695 2
5281 2490 2
4714 2464 3
4456 9959 3
3016 12483 0
13338 9327 3
6717 983 3
2293 5422 2
11618 5197 2
3369 12878 5
12971 10962 3
4040 13863 2
5062 7883 0
5179 8535 3
2838 12805 1
4752 7421 3
11127 3412 5
10100 5980 2
5530 34 0
12327 12638 4
8258 7149 0
5207 4086 2
6256 8041 1
9208 11897 2
2156 9565 7
176 1195 3
3684 11854 2
7267 137 2
6936 11578 2
9214 171 2
12275 552 5
7988 877 2
1965 5110 2
7531 7836 2
297 6103 2
10116 5667 2
7773 9779 2
6616 12007 3
13114 9523 0
7263 4654 3
12437 9428 3
12149 6747 2
3485 7422 5
13512 11320 3
12466 9040 2
1535 2576 2
2651 9308 3
12869 10222 2
7313 6966 3
3978 3547 2
4283 6978 2
7877 10139 5
12986 4580 3
2247 13521 2
2107 12411 3
11802 6540 5
3770 3740 0
12337 13352 2
57 5594 5
4755 4150 4
4270 13296 7
9294 10375 2
7693 12220 2
199 7750 5
10190 7765 2
4058 11646 3
2130 6384 3
604 9066 3
9216 1576 2
3884 10700 7
5191 12174 3
5772 1913 2
478 6373 2
1659 5855 2
6231 11756 2
3471 815 2
2867 6120 2
5141 12661 0
6866 10802 2
6641 12201 2
10445 9905 0
12390 9512 3
496 9440 2
12859 3555 2
6894 11540 3
7059 11782 3
5407 13887 7
7378 9704 2
6261 8567 2
6006 1946 0
6569 13230 3
2616 1019 3
6379 11549 2
4335 11836 1
13806 13422 2
967 4049 3
2826 4269 3
9995 5254 7
458 9389 2
10495 4384 2
12283 11597 2
7866 7314 5
5916 9139 2
10806 8477 0
1133 9122 2
10052 13226 2
2311 4739 7
6919 2388 2
7819 10172 3
6141 3780 7
9154 314 2
1758 11282 0
8054 3151 2
10337 4265 2
4852 5122 2
10431 10355 2
4005 1288 2
9332 11210 0
3556 5574 0
3195 9465 2
1201 9304 2
10073 588 0
3967 8233 2
1596 5605 2
5753 9383 3
4681 3031 2
1662 10440 2
6768 5685 0
444 7049 2
4135 6873 3
11932 4045 2
9574 385 3
4467 13035 7
2246 2680 2
2241 1095 2
5715 10617 2
10894 12410 3
7182 10311 2
7766 8684 0
6633 4576 2
3595 10716 2
12232 13082 0
6202 5030 5
6113 3476 2
11843 8853 3
7015 6988 3
3502 6630 3
8468 7162 5
4519 8836 5
7778 5632 3
7872 11153 2
11774 2005 2
1311 10886 3
1624 5387 2
7957 4803 3
8900 10306 2
2648 10880 3
4886 1759 5
3898 11121 3
6009 2287 3
5034 13417 3
621 12140 2
1544 12142 4
1036 555 3
6595 11400 2
976 8024 5
5125 1336 2
6826 13583 2
11766 7259 2
6281 1295 3
2301 10706 2
1212 3774 2
12056 1129 2
973 4947 2
7633 8792 3
1531 847 3
1553 4591 1
7550 1959 3
9483 12030 4
10449 2773 2
624 4596 1
5514 13324 4
7563 5430 2
2663 9694 3
3054 8539 2
1379 1985 0
988 719 3
9000 2389 3
13924 191 2
4556 11471 3
8632 5627 3
430 2417 5
5007 11568 2
13567 3789 3
6921 1324 3
11513 1305 3
3463 6991 2
10513 13287 3
3677 11751 2
11281 10264 3
1555 12123 3
11518 3794 2
13836 2316 5
304 3806 7
8481 8340 2
4670 5541 3
5521 635 1
9943 1663 2
11872 3304 1
8167 12001 3
2218 313 0
7386 7395 3
6156 9629 1
12935 1478 2
13847 7209 1
9436 8704 5
11291 10535 3
10361 11249 3
1657 907 2
2159 8666 3
774 9664 2
4945 2248 2
7733 3622 2
7711 11948 2
8822 10491 2
1452 11567 2
13565 10203 3
8533 11188 2
6394 4937 2
3791 5847 2
12702 6904 3
4074 7332 0
6810 5036 7
13991 9024 3
2146 7364 3
5378 711 2
7915 2181 2
9553 2778 0
5074 6380 3
12720 9513 2
5161 4337 5
2706 12606 3
7265 10482 3
11666 368 2
1391 6842 3
9684 9225 5
3517 10469 1
11132 13818 2
11401 6516 0
827 5940 2
4068 9792 3
856 4643 2
1331 2046 2
8456 13110 2
12852 13901 2
9372 2086 2
8789 2989 1
3215 10397 5
1207 13185 2
5649 10979 7
48 12856 2
2500 4882 2
2595 10649 3
4751 4691 2
7545 2816 3
5410 684 6
11912 4607 3
8206 2094 2
13744 9987 3
9644 1170 0
4834 3568 4
854 8888 3
2692 12649 2
11207 5696 4
6314 2538 3
2410 1228 3
1529 2573 5
12870 583 3
5716 502 0
4452 8218 2
12954 13784 0
13811 10271 2
12268 8238 3
244 13840 0
7122 6338 5
9936 1395 2
6621 7837 2
7232 10216 3
10797 13315 3
3112 2941 2
12057 11750 3
9288 4718 3
12788 11061 3
1584 3490 5
7085 5532 2
8572 4980 2
6509 12067 7
3734 6586 6
8431 11254 3
11847 829 1
3397 221 2
3594 2421 4
9745 9238 0
6033 7432 2
6011 1275 0
2153 10816 0
3966 3759 5
5985 762 2
10348 11581 3
7895 12516 2
11493 4433 0
1517 8112 3
3756 13375 2
891 6201 2
7975 326 2
5630 10371 4
13120 10108 1
5100 724 3
6318 753 1
9607 5840 2
6666 5859 2
9201 6677 0
4221 9004 2
2282 9443 7
5015 9284 3
11642 186 3
453 10658 2
10893 949 5
5641 13479 3
12412 6687 2
8549 2551 4
425 12182 7
10464 13425 2
100 13732 2
9984 11871 3
10707 4776 3
11086 3921 3
8568 9464 2
4546 6511 2
2966 9240 3
12126 12470 3
13113 13427 3
12966 9799 2
13262 1060 1
1128 10357 2
12900 4482 2
2222 1869 2
1835 10310 5
3696 2932 0
3138 9999 2
9088 7687 0
8198 5298 2
182 13764 2
6760 1020 3
10090 5990 2
10795 8463 2
10167 4690 3
2821 342 2
8953 1872 2
5779 5098 3
10679 3240 2
8688 5075 2
4601 1572 3
4395 6517 0
7250 10480 3
9538 4694 2
8027 7996 2
849 2033 1
6465 10549 5
9369 6981 3
11102 6499 2
12744 8883 2
5798 9783 5
13756 1546 3
11024 1852 0
7956 1849 3
12728 11377 2
10111 12855 7
3954 12809 2
4638 6798 3
6528 627 2
329 1445 3
13093 12872 3
8761 7303 3
3150 9840 0
13052 10344 0
4229 8842 7
12648 5027 2
4016 8455 0
11512 10021 3
4540 9061 2
3099 11975 6
8246 13486 2
8344 12168 2
6777 5459 2
7007 5309 0
11535 1934 0
10039 11889 3
12508 11124 3
6395 8379 3
7439 10142 2
9883 1907 5
4310 8089 2
11557 3233 3
11895 8389 5
18 9781 3
3191 7630 3
12876 11305 3
8732 8282 3
2265 2641 3
1514 12628 2
9070 7573 3
8334 12476 3
7923 9475 0
7359 11650 3
9707 843 4
4777 4901 2
8103 11079 3
742 8487 2
12008 1016 3
12331 1918 3
11388 6376 5
9010 2942 2
330 5277 3
13104 9964 2
6046 10823 2
10285 12634 0
997 12752 3
3808 6763 5
8046 5369 5
9506 11158 3
1097 8102 2
812 10699 0
11265 5172 2
4902 10616 0
3747 6362 3
13769 3834 2
1385 10944 3
9973 7374 3
6434 7670 7
2357 12245 5
10834 860 2
6580 10838 2
4253 6086 2
13138 11506 3
9636 7554 3
1767 6433 7
3108 531 2
3603 4961 3
1350 10553 0
1261 11615 3
10105 205 2
7113 5362 3
6643 4241 5
7672 3767 2
13037 11246 2
2221 2060 5
7828 3179 3
4021 6793 2
7244 1439 2
10260 13320 7
2839 3197 2
6983 9714 2
12643 5194 2
13578 6144 2
13094 13541 0
7264 9108 3
4003 6764 3
3896 7743 7
7761 12621 3
10219 13358 3
9710 249 3
13677 13346 2
12669 7441 2
7559 12080 2
3553 8394 3
138 2269 2
2542 13774 4
11182 9504 2
12783 13022 2
3669 255 2
9605 2568 2
1613 3554 2
6821 6409 0
1748 8965 3
6598 6898 2
5734 10734 2
1998 154 3
824 8985 2
3814 2315 5
8515 218 3
2471 5028 2
11561 6162 3
3406 10084 2
12684 4391 4
10545 1984 3
1008 10787 3
10072 3688 2
5235 8807 5
2907 13313 1
12671 7612 2
7171 12987 2
6578 13143 6
12885 7626 0
3583 9311 0
2769 4388 2
13057 7961 5
13388 4168 2
253 13304 3
6720 7632 2
9892 7403 7
11611 6925 0
2306 12156 3
12228 798 1
3701 13678 3
10812 2856 5
8757 1285 2
3629 11144 2
5845 6879 6
3379 8035 2
7116 302 3
8954 7316 2
2405 6173 2
9137 12650 3
13613 2206 2
9842 11910 2
12940 9056 2
2512 8378 3
6134 5624 2
11368 10394 2
9013 12941 2
12685 590 5
11605 12199 2
8959 10845 7
4166 8767 3
9693 4851 3
4266 7813 3
7230 6025 2
1627 5761 3
6074 2099 0
2765 6158 3
1674 13763 1
11337 11514 4
5278 2634 0
6869 2434 7
6690 8018 4
13158 660 2
4553 5479 2
8598 6868 2
262 1052 3
1525 12221 4
4347 521 7
13635 7851 5
5828 7593 3
9508 13683 3
2056 12693 3
12133 6931 2
12035 159 3
12021 2830 3
10191 1263 2
9696 10501 3
12284 12542 7
4274 9348 2
10615 5130 3
4059 2807 3
6269 12036 2
518 6186 0
3934 13199 7
7875 2392 2
13711 9034 3
9313 5666 2
1977 8604 5
2374 7843 2
3535 2937 0
12462 9658 1
9050 2402 3
11770 4619 2
9212 2496 2
11051 6692 3
912 7444 3
2802 8396 3
5229 524 0
13889 11884 2
7446 10503 3
3755 1652 3
9241 9558 0
13210 8111 0
10435 3256 2
11865 10589 3
2549 5494 2
2009 3029 0
8376 12241 5
6268 402 6
222 5901 5
1307 2892 3
2644 13122 5
9971 1015 0
6891 1465 5
3644 755 2
4503 203 3
1409 13771 3
10174 3621 3
13557 10220 5
10276 10772 2
8122 12883 2
3972 12363 0
11531 289 2
6478 9109 3
9937 10392 3
5744 6930 3
11647 7336 6
10401 8303 3
5289 2030 3
674 4719 3
4299 9526 3
8647 3478 6
7532 581 2
8980 13462 2
1286 12511 2
9151 2878 5
804 10189 3
2631 2010 2
7317 9872 2
921 11090 6
6853 5929 2
412 4047 2
1110 13815 2
187 7637 3
12615 11704 6
11913 8992 4
12307 13925 2
9394 8489 3
2574 5864 7
4771 4787 3
4683 102 2
7623 13306 3
8293 9491 2
11497 1153 6
5785 3097 2
2403 11139 2
10489 4314 2
6035 4142 0
7078 5607 4
11229 7380 2
11579 12888 2
1033 12486 4
5371 8864 2
4766 7155 3
12896 1630 0
8181 11558 2
3765 6228 7
7597 10953 3
6963 11002 3
13546 6234 0
7025 636 2
3318 5162 2
846 11162 2
10351 9757 3
6531 1566 6
10743 6059 2
4272 3787 3
5031 5610 3
11757 8982 3
13555 1155 2
2148 7163 3
9014 5474 2
8497 6615 2
7740 8079 7
6529 8087 2
12821 11780 5
3314 6500 2
8827 1881 2
2225 12229 2
1949 3086 2
1053 11116 2
13015 8315 5
10020 3062 2
10940 645 0
943 2653 4
1542 11060 2
5956 1173 2
8404 12724 3
8152 8623 2
1137 3851 2
2779 5116 2
2978 3987 2
6883 5232 2
10499 13716 3
9639 766 3
4149 7625 2
3819 1124 2
13336 10262 2
11936 4788 3
12545 4470 4
7841 12110 2
3404 3033 7
10396 11859 2
10064 13237 2
6479 4405 3
6778 6903 3
12086 9473 0
12240 4396 2
247 12292 3
5 5920 2
10844 13538 5
4392 8778 2
614 13616 2
2330 2395 2
2235 9449 0
13157 3893 3
7126 12321 7
12640 6098 0
4458 8559 1
3800 8355 2
12485 75 2
13483 9340 2
8763 1071 3
10471 1927 3
13179 4219 2
803 4353 5
2283 3060 3
6584 11271 3
9941 12841 2
5819 3467 3
12018 11383 6
13730 8665 3
4432 11387 2
8916 12515 2
6799 5647 2
11588 10353 2
4236 7233 3
1854 7642 3
8984 5154 0
11608 3451 4
12833 4357 7
3500 4579 2
2358 4660 7
2420 6010 3
5139 10490 5
11815 5066 2
3460 5547 3
7967 12948 3
10725 1479 6
6693 9532 3
8903 8613 3
8427 2037 2
11851 9373 2
12531 13652 3
12353 4297 6
12982 8602 2
1012 10875 2
3801 11564 0
1355 12568 3
7681 4932 2
5736 701 2
1640 8129 2
9728 2362 0
2055 13102 2
11196 3352 3
629 11454 2
10244 13473 3
13706 2451 6
13323 4009 3
3883 9425 5
13705 11498 2
11148 13174 2
7780 4285 2
5726 2226 3
12767 2611 2
7284 10595 2
8110 13687 5
13917 10987 7
11730 8963 7
3111 9509 5
5965 7131 3
4926 2713 3
11004 6140 6
3590 11040 2
4244 10890 6
4261 12562 2
10968 10023 3
7192 407 6
10665 1518 2
10690 8450 5
5424 7932 0
13432 11296 3
7838 320 3
3976 381 2
8231 174 2
10511 9253 2
12672 13800 7
8272 2345 2
2437 8072 3
13369 2455 2
1694 6917 0
5729 3477 7
5457 12527 0
10755 258 2
3420 12180 2
12550 2106 3
1971 1067 3
8989 7859 2
8017 11166 3
2108 6959 2
175 5064 0
3665 1771 3
5193 4971 6
3264 828 3
6229 3335 1
1293 4590 3
2585 11855 3
13190 7489 5
11027 312 2
1197 2361 3
9454 7236 3
12830 13509 5
10077 4767 0
12995 5869 3
7716 13686 0
1160 6079 2
11530 10453 5
9128 7983 3
5353 1736 7
4295 2396 2
3003 13247 2
1722 802 3
7560 9685 3
842 2686 3
3737 12434 6
6453 7997 5
11543 1804 3
13335 12827 7
4841 6167 3
5427 13145 2
6791 3183 2
3617 8250 2
547 10998 2
469 4500 3
6855 2722 5
7216 11663 2
10609 1029 2
5412 9975 2
550 13300 2
12360 11287 3
238 10205 2
10570 2285 2
13168 13871 3
1703 11678 1
29 6284 3
7530 8070 3
10324 13227 6
13206 5168 2
5693 5370 2
783 8682 3
3939 11830 3
8570 13773 3
3716 1896 2
5112 4233 2
7576 4188 3
1059 5620 3
10546 3504 4
8323 7726 2
5355 1646 2
2905 32 0
12391 4892 2
1446 7023 6
9347 3063 7
8913 7226 7
470 13493 2
8032 456 5
11869 11920 2
4592 2740 2
11747 12887 1
11171 6881 2
6631 11816 3
1253 13528 2
6260 4954 0
13340 13554 3
2628 2898 2
9362 10302 1
12746 12395 3
5484 3742 2
3903 8977 2
2172 2298 2
4312 2639 4
11164 9248 3
13384 1787 6
6419 11693 5
11609 10642 1
2484 9776 3
7571 5544 3
9393 7057 5
6432 12335 0
6325 11562 3
11795 11919 0
7924 691 3
8361 4509 3
1394 540 3
3679 10526 3
6908 9459 3
6644 4674 2
5117 1384 3
11595 13277 3
3842 8814 3
6520 7705 2
3886 7730 3
193 12501 3
8302 3900 1
2976 9589 5
8690 7418 3
9834 4147 3
3882 1673 3
735 6589 3
8711 670 2
6008 11509 7
6606 9429 2
11692 1774 0
3654 167 1
12365 13696 2
2161 4349 2
8800 8839 3
5759 5246 2
7678 3858 7
9367 2702 7
9606 86 2
1937 7129 7
9868 13899 2
11380 12810 2
9423 3046 2
2544 5928 2
513 4252 2
1022 1475 3
6112 12750 2
9938 6681 2
8184 557 3
2254 3607 4
1805 13041 5
8343 363 5
6620 1817 2
12449 12536 2
12165 9121 0
12983 13413 2
13525 1497 2
12716 12348 0
13134 5812 2
2364 11173 3
2759 12993 2
3182 5128 2
12255 9824 2
11362 5295 2
11235 6997 1
7936 10888 5
2091 2929 3
13286 11133 1
9911 689 4
10334 7186 5
13316 9907 7
10726 9349 5
12629 9384 3
572 12383 3
10241 1644 5
1450 6306 0
1440 12549 2
8313 3678 2
5792 13253 2
4875 10279 6
6337 11806 5
10215 741 0
11988 2077 2
10835 9147 3
5760 8125 2
3576 5224 2
13516 13038 1
5405 4240 3
216 5415 0
10032 11655 5
659 5972 2
7193 6628 2
3752 7120 3
13648 5731 5
4143 4055 2
5846 5286 2
2043 72 2
110 8204 3
9286 10331 3
2818 1132 2
8417 4686 1
12537 6146 2
11532 4213 1
10926 291 3
5290 5723 4
6135 6840 3
166 7769 3
3053 484 2
6613 3289 2
8134 12211 5
12350 6463 3
9012 7692 1
10261 9246 0
9462 1859 3
3170 11008 3
10041 6370 7
12528 6466 2
10843 4760 2
10842 5311 0
10178 10928 2
12936 9102 2
3904 6953 2
6127 950 0
7213 8197 2
6041 9554 2
13708 2526 5
2812 7197 3
9660 10537 3
3821 1360 2
11762 6460 3
10305 305 0
3323 7671 0
3854 4112 0
10946 7919 2
906 7555 2
1102 10101 4
1729 4000 0
916 7434 3
5035 12366 6
8254 8944 3
2098 11709 2
13409 3339 3
11686 4987 3
8630 7394 0
9380 2869 5
10990 1564 3
11220 1268 3
4418 4824 5
8284 4492 3
5910 10314 2
978 8746 2
9976 5617 1
3317 11137 1
5923 8363 2
8391 8571 3
3655 1177 3
8437 2697 2
1617 10847 3
10128 4033 3
9716 8132 2
2053 1378 3
13478 3160 5
12041 6012 5
7640 6215 1
1086 11805 4
6361 10243 5
12605 10753 2
10634 5463 3
6089 6298 3
5732 5710 2
8591 132 2
4627 10187 3
8329 2177 2
13971 3499 2
6993 4595 2
1198 12778 5
12729 2170 0
1786 13192 2
680 11653 3
9902 7771 3
8283 5498 3
13736 12010 2
2556 8843 2
2859 7955 3
1550 3605 2
3790 1051 3
8694 1161 2
42 12745 2
11715 3035 2
13817 1920 3
9597 2647 2
2133 2288 2
11211 11483 3
12442 11001 3
2934 7270 2
7748 6222 7
6510 1199 3
2188 9801 2
3537 423 6
13502 2546 2
5939 245 2
5728 9635 2
5473 2904 3
899 10897 2
4026 5510 2
9762 7619 2
3847 10173 2
700 6264 3
5868 1754 3
2355 7586 3
3166 10231 2
13481 3741 2
5272 7435 3
8486 4170 2
437 5931 3
11438 13628 3
4520 6389 3
7942 4600 2
7675 4325 3
2952 13317 2
6895 392 2
4012 4999 3
10069 9202 2
1411 5002 2
2297 12998 2
7567 12376 3
12499 5163 3
12093 8537 3
7910 4461 2
476 1049 7
7580 12252 3
11258 11765 2
10206 10573 3
8850 3952 2
12223 3508 3
4819 4409 2
8844 11084 0
11356 10504 2
541 1500 3
13365 10036 2
7643 4564 5
4891 2310 2
1864 3918 3
1661 9378 3
9818 5673 3
9206 7880 3
4019 9810 4
12338 3597 3
3387 2261 2
2894 2972 3
13690 1211 2
13757 267 1
1383 3711 3
11176 4988 4
11760 9390 2
8896 6163 3
12162 3249 3
7320 7457 2
4994 3155 7
13013 442 5
2610 12718 2
1245 1251 5
1203 7794 3
11150 4011 3
12599 10585 0
11860 9651 2
6699 10421 3
10300 2356 2
8128 6512 3
11724 1485 7
7391 3181 3
1519 10252 0
9697 4057 1
8621 2280 2
805 5563 6
7214 1377 0
11522 9731 5
6166 12500 2
632 11648 3
784 13692 2
4163 3065 3
13974 3971 2
11245 565 3
9494 9155 2
5439 868 5
4641 6097 0
787 9398 3
551 12078 3
6982 10200 5
2262 12259 3
13415 6028 2
4910 12071 2
11784 13121 2
508 10093 5
13839 4063 2
3006 3837 2
11638 13173 0
7518 8501 3
11965 2445 2
5903 8906 3
9734 3198 2
6239 13310 2
13423 11946 2
8207 8335 2
3489 11508 2
12929 7399 2
12651 12944 4
243 116 2
7690 9074 2
1990 11921 2
8160 11143 3
4731 10182 3
351 5637 0
10898 6967 3
10938 11477 3
13799 2446 3
5678 1763 7
9272 2488 2
8441 12768 3
1390 9725 2
13429 7167 3
6948 3571 3
5219 4745 2
7508 4412 2
7783 4789 3
4078 6809 2
4704 3434 3
7387 2829 2
443 2477 2
3933 5941 2
13895 12045 3
5480 8145 2
4656 5176 3
7005 4920 2
13443 8126 2
5619 12027 3
12421 12263 7
7914 9580 2
8599 5026 3
3326 497 3
165 5324 3
1270 11042 2
4545 5291 2
1422 8306 0
4234 4341 3
7184 5994 3
10044 4387 0
8587 7324 5
13722 4484 2
585 3376 2
8674 13984 3
4650 2679 3
164 11045 2
10042 8243 3
4696 12572 3
386 6258 2
5180 13245 2
1388 2963 3
1235 6742 2
8748 3002 4
13128 4560 0
4192 3300 3
6349 5039 3
4010 5861 3
107 3588 2
782 1837 1
6550 4376 5
12969 13357 2
10737 3720 3
5884 11429 2
9808 4117 2
13418 6787 5
3258 3360 2
11527 475 3
11228 8650 2
9038 4476 3
12792 1149 2
12950 5364 3
5837 11363 4
1347 10103 2
10257 12979 3
563 11794 5
5742 10211 7
1461 8467 3
4183 9265 2
3427 1534 2
5576 8279 3
13164 5914 2
6185 5203 3
2441 9730 2
9570 5979 3
9885 12178 5
13351 5592 2
8854 8894 3
8744 11353 2
2324 12544 2
6830 4193 3
6698 4709 7
7500 1592 3
12380 7220 5
2908 2139 0
8505 591 2
1609 11786 2
4817 5584 5
2752 3577 2
13012 8239 2
8332 3828 2
9900 12698 2
2347 984 7
11168 12858 3
2073 9257 3
972 6238 3
9764 1420 2
2047 9668 2
8104 5585 0
6210 12873 2
3005 8779 1
4410 10596 3
13952 11930 3
6656 3171 0
5921 996 2
4919 3826 6
1087 10900 3
9072 1678 2
758 7036 3
8383 6759 2
5796 8577 3
8173 8751 2
4381 12977 3
13061 355 3
3479 8830 2
6118 13290 0
1289 1178 2
11192 1104 3
8406 953 4
2008 7337 2
11969 7779 2
10520 435 2
5871 1400 2
1510 932 4
10547 10131 6
1725 8043 2
12596 9104 2
6397 2900 2
528 6469 7
6864 13990 2
13047 1103 0
8994 4199 0
13265 11763 3
4684 7935 1
7159 8755 2
2723 8091 3
820 11443 2
383 6278 7
6153 2198 5
13299 5398 2
9986 10273 2
11954 13392 3
749 4260 2
1141 454 2
9942 9623 2
2868 4666 2
9376 10508 5
11059 1127 2
938 9852 2
9113 2078 2
9825 13592 0
5132 695 0
971 5529 2
9401 8612 3
12934 8775 2
10226 5829 3
9859 1956 3
10811 9112 5
13639 2988 3
13934 9189 2
11034 12522 0
13085 11677 2
7178 5512 3
939 11165 3
7980 6329 7
4966 5275 2
8509 5169 3
9996 5159 3
9702 6994 3
9467 11586 7
8183 9058 3
8236 3940 2
8157 7538 2
11231 7294 1
4258 3824 2
7788 10861 1
2029 10727 2
4419 8824 0
5047 8199 3
2313 7133 2
12675 4555 1
7577 7534 5
7746 7377 3
4916 1024 2
4687 7909 1
3624 1427 2
3671 7966 6
863 8115 3
3153 10372 3
11845 6827 0
3020 7947 0
12679 6691 5
13778 1111 3
13496 1599 3
3245 1002 2
9123 5274 2
705 12101 3
1928 13295 2
2561 11974 3
6346 6860 3
5395 2404 3
2780 6920 2
2781 2070 2
13914 4807 3
9735 11430 3
3635 10629 3
4730 4757 2
1850 9254 3
103 12580 3
6216 8859 7
6916 7751 3
8337 8885 2
5935 1186 2
4211 5738 5
5385 2836 2
210 2307 0
5376 495 6
12222 3133 0
4569 10619 3
838 2038 3
12238 1683 2
12756 1637 4
3313 12817 2
13772 1829 2
7063 7343 3
4986 1466 4
1933 1574 3
4781 7445 2
6161 1332 3
8001 11016 2
558 8722 3
9337 8330 3
7011 3039 3
1972 8818 2
10367 5293 2
3638 3238 2
9461 6031 1
13177 9261 3
5218 11479 3
4846 7931 6
2674 1580 3
10754 4498 3
11186 4801 2
5065 12761 7
2353 5114 3
7483 3110 3
9234 13713 2
7908 1607 2
3608 2758 2
9145 8823 7
11177 1541 2
11111 3147 3
11338 6246 3
1259 5582 5
12478 9917 2
1964 12392 3
3237 11103 3
11453 4848 2
2571 7904 3
12871 3072 3
13090 489 2
5733 6635 3
8380 4533 7
9721 5876 5
13032 11972 2
11701 3912 2
1321 13364 2
11690 10704 2
3212 4259 5
10259 1057 2
4594 1459 2
431 3891 3
8742 12461 2
7742 5575 2
7644 6126 3
3070 4359 3
77 858 2
1487 13100 1
10013 3618 3
1189 6722 6
13166 7547 5
2562 12368 0
1666 3849 2
12398 7019 2
2515 3213 2
7587 4549 3
10225 516 2
3675 13816 2
9030 8264 0
11075 9695 5
8659 8192 3
8508 10098 3
13010 9377 3
3081 69 2
3144 9146 2
5437 5631 3
10923 10320 2
2375 8527 3
427 611 2
11781 446 3
8105 5741 4
2210 4427 2
8847 11157 2
11660 13745 3
13198 1269 3
6605 9169 2
10993 8475 2
3178 5591 0
9933 3749 3
299 7459 4
9298 3897 3
6232 6490 1
5948 11787 2
3658 6556 5
7396 5664 5
6958 7998 2
12799 11068 0
512 7368 1
11014 11340 3
8366 6668 3
4217 5668 5
6653 13721 3
11063 4785 2
11232 2873 3
4870 9023 2
5689 6996 3
13086 1144 4
5401 10115 0
5144 7038 3
7040 8504 2
10918 8057 4
1344 3997 2
3419 10281 4
6733 10746 2
1556 3 0
5503 5892 0
5452 1362 5
1417 9500 7
12564 6739 3
3692 9468 2
2401 9359 0
10952 13391 3
9250 5307 3
2703 4305 0
10088 111 3
6710 9077 4
2027 13627 2
7104 79 0
6399 11432 0
10389 7300 2
9724 11033 2
697 9358 4
573 535 1
2074 11499 2
10479 2799 3
1540 2834 2
4872 8651 2
12561 5249 0
9577 8534 2
920 12063 2
2570 9822 2
1188 10705 4
8801 1456 2
10626 8064 0
2885 3128 2
8676 12623 2
3520 6927 2
13148 7095 1
6911 3486 3
8521 5261 3
10448 4402 2
1079 1969 2
7887 3050 7
10936 2793 2
11570 6957 3
6746 6474 0
2266 12999 2
6093 1766 4
928 333 2
9988 963 3
1050 6124 2
13945 12911 3
12075 2026 2
8180 7974 2
7436 9135 7
5464 2655 2
9026 10949 1
6534 13176 3
5486 7255 3
2901 11877 3
10750 1387 1
4605 12837 5
893 8369 2
5625 7664 0
7471 11419 3
7529 8044 2
1448 874 7
5033 10462 2
6132 9535 1
3235 3051 1
10460 1381 2
9927 12065 2
3511 8569 2
2384 10577 3
8320 373 2
5146 3130 3
10608 6960 2
1146 5493 3
8907 10019 3
13762 5308 2
7201 9022 3
6431 6762 7
8498 3411 2
9875 2886 0
2231 5890 5
9437 4459 2
2482 11088 3
5068 8113 3
4715 8511 2
10465 2023 3
9746 8177 3
10186 11576 1
2281 7203 3
6423 3355 3
8485 6418 4
8118 5938 2
4526 1334 3
8407 4319 3
4114 7151 3
11052 6551 5
13387 8169 3
5893 2494 2
3265 12823 2
1407 9930 2
5635 8813 3
10788 13111 3
6366 13401 2
4604 10756 2
1727 9411 2
8606 7253 2
4913 7247 7
9865 219 3
9877 9560 2
2682 106 2
3510 3706 6
13590 13994 0
9320 6999 3
5505 13515 2
9581 5642 4
13055 5513 2
7400 13975 2
8277 7802 2
13436 6672 3
8384 873 2
4964 8065 3
287 11911 0
1983 4835 5
1536 12925 2
1587 2688 3
9267 10418 6
2212 3378 7
4722 6878 3
3395 2003 2
10303 477 6
11874 13681 2
2811 49 3
13902 9328 3
10612 12598 3
11428 12558 3
4633 7513 3
2858 8560 2
4126 9485 3
6472 13361 0
5253 1665 3
7963 6073 2
13447 2970 3
10143 7119 2
9962 230 3
11115 10043 2
3185 1882 6
3114 11022 0
4029 2737 2
1641 11505 3
4340 2789 2
10492 4536 2
7820 6054 3
6002 53 3
11431 7168 2
7639 3468 3
7721 12846 5
13124 10825 3
13000 12785 3
11536 3458 5
1554 4446 7
6670 66 3
10618 11547 3
4232 9729 7
6990 5874 3
13064 3438 1
10048 8286 4
3650 4850 4
3120 1505 3
7215 11394 3
13998 1679 6
12233 5082 3
13559 5517 5
3439 2881 2
13776 1682 2
2048 6838 0
795 3017 2
11347 2145 2
2160 2129 3
890 7582 0
4893 9603 2
5140 1957 3
8828 8194 3
797 6383 4
11740 7608 2
7938 10268 3
3019 9507 6
5784 11520 3
9519 5227 7
10201 545 2
13886 1823 2
13927 3266 2
7824 8852 4
7454 9760 2
12185 7467 2
10075 13672 6
3894 11055 2
7916 184 1
4764 7703 3
12722 13495 5
5269 3606 2
1559 1229 5
1879 7099 6
5025 4750 3
9564 10120 1
3172 13394 2
11853 12657 3
11792 7144 2
7939 8084 2
13989 2957 3
11409 1148 3
2182 8616 2
693 13374 2
13596 4490 7
11361 4050 5
8165 908 2
5432 649 3
7491 246 7
8849 2436 2
8382 4025 3
13752 10096 7
11616 4382 3
9200 28 5
13014 13879 4
3604 5961 2
10230 8595 2
606 5937 2
1010 6507 3
10158 13577 2
10711 2366 4
6786 4098 2
994 6600 2
3714 13284 3
699 4309 3
4836 9777 3
6075 13812 3
9091 11163 0
8654 12838 5
6623 525 2
7200 426 7
4356 3259 5
505 6450 3
1327 9948 3
4494 3910 0
3795 11243 2
6114 11909 7
11233 13080 0
4439 12613 3
8050 2852 3
2224 12114 6
13844 600 2
7599 4975 1
6004 3132 5
8768 1483 5
12906 9956 3
10087 7677 2
2351 1501 2
10639 3999 3
7211 9955 5
6949 780 3
12213 571 3
7472 5556 5
2587 13118 3
10878 4286 2
1168 6750 2
10347 12473 2
6951 9163 2
1358 12938 3
2987 5546 3
7231 13278 7
6102 5013 2
12105 9162 2
5983 8015 2
1180 4967 3
8433 10584 2
6795 2103 3
3224 3004 6
8585 4042 2
10293 13503 2
3036 5393 3
10047 4318 3
3061 9713 0
12108 12055 3
6355 1853 3
8210 12341 2
5429 7724 3
3418 10807 2
9805 2493 3
8287 11467 3
8935 10485 2
3082 7814 7
6340 7800 2
12148 13078 5
6322 9615 3
6565 12150 3
11944 9335 3
11643 4861 3
11331 9227 0
8255 4044 2
13754 6142 3
13865 991 3
12777 4983 2
12346 3206 3
10393 80 3
7896 2777 2
7579 11005 6
13257 1030 0
10558 5645 1
7655 3306 5
6160 10318 3
13826 1575 3
98 6047 3
13835 13312 2
11379 9797 3
52 11031 2
13189 441 3
9029 6078 3
6155 9826 3
1339 6198 2
4535 5945 4
8030 324 5
11511 3164 2
12895 6470 2
2394 5111 2
4864 1075 3
8588 6287 2
1919 6812 2
9524 3732 3
6123 3567 3
13699 726 2
10989 8868 5
11737 2815 3
7174 11606 3
2015 9814 3
875 6714 3
2088 196 1
50 5211 3
6841 195 2
6704 9785 2
1528 11552 2
1567 10921 3
1054 6083 3
8291 5943 2
1063 10436 3
11613 1871 2
10631 5618 6
