[[ 35   6   2   0   0   1   0   1   1   2   0   0   1   0   0   0   0]
 [ 34 218   3  28  10   0   0   2   0  17   0   7   1   0   0   0   0]
 [ 20  12 151   3  16   5   0   0   2   0   0   1   6   0   0   0   0]
 [  5  84   0 352   9  21   2   3   0   7   0  31   0   3   0   0   3]
 [  2  47  48  20 402   6  16   0   2   7   0   5  30   0   0   0   0]
 [  2   4  37  63  24 421   1  24   2   4   0   2   1  16   0   0   0]
 [  0   0   0  14  11  13 165   0   3   0   0   1   0   4   0   0   0]
 [  1  81   4  23   4  81   1 221   3   7   0   2   0   7   9   0   0]
 [  0   0   0   3   2   9  50   8 122   0   0   0   2   1   0   0   0]
 [  1  47   4 229  14  11   1  34   0 129   0  18   0   0   1   0   4]
 [  0  11   4  12 145   8   0   1   0   0   0   2   5   0   0   0   0]
 [  0   3   0  23   5  99   6  12   0  53   0 238  10  15   3   0  12]
 [  0   2   0   1   7   1   2   0   2  16   0   9 153   0   0   0   0]
 [  0   0   0   3   1  34   2  64   2   4   0   9   0  86   4   0   0]
 [  0   1   0  41   3   1   0   7   0   2   0   3   0  27  54   0   2]
 [  0   0   0   9   1   1   0   1   0   0   0  92   5   0   0   0   0]
 [  0   0   0   0   0   0   0   0   0   1   0   5   0   2   1   0  36]]