[[  0   0   0  49   0   0   0   0   0   0   0   0   0   0   0   0   0]
 [  0   0   0 288   0   0   0   0   0   0   0   0   0   0   0   0   0]
 [  0   0   0 229   0   0   0   0   0   0   0   0   0   0   0   0   0]
 [  0   0   0 543   0   0   0   0   0   0   0   0   0   0   0   0   0]
 [  0   0   0 587   0   0   0   0   0   0   0   0   0   0   0   0   0]
 [  0   0   0 589   0   0   0   0   0   0   0   0   0   0   0   0   0]
 [  0   0   0 210   0   0   0   0   0   0   0   0   0   0   0   0   0]
 [  0   0   0 476   0   0   0   0   0   0   0   0   0   0   0   0   0]
 [  0   0   0 199   0   0   0   0   0   0   0   0   0   0   0   0   0]
 [  0   0   0 466   0   0   0   0   0   0   0   0   0   0   0   0   0]
 [  0   0   0 208   0   0   0   0   0   0   0   0   0   0   0   0   0]
 [  0   0   0 462   0   0   0   0   0   0   0   0   0   0   0   0   0]
 [  0   0   0 197   0   0   0   0   0   0   0   0   0   0   0   0   0]
 [  0   0   0 193   0   0   0   0   0   0   0   0   0   0   0   0   0]
 [  0   0   0 146   0   0   0   0   0   0   0   0   0   0   0   0   0]
 [  0   0   0 112   0   0   0   0   0   0   0   0   0   0   0   0   0]
 [  0   0   0  46   0   0   0   0   0   0   0   0   0   0   0   0   0]]