[[  4   0   0   0   0   0   0   0   0   0   0   0   0   0   0   0   0   0
    0   0   0   0   0   0   0   0   0]
 [  3  18   0   2   0   0   0   1   0   3   0   1   0   0   0   0   0   0
    0   0   0   0   0   0   0   0   0]
 [  1   0  17   0   1   1   0   0   1   1   0   0   0   0   0   0   0   0
    0   0   0   0   0   0   0   0   0]
 [  1  19   0  49   1   5   0   2   0  15   0   3   0   1   0   3   0   0
    0   0   0   0   0   0   0   0   0]
 [  1   1   7   0  77   1   5   1   0   4  10   2   2   1   2   1   0   0
    0   0   0   0   0   0   0   0   0]
 [  1   4   2  23   2 126   1  15   3   3   3  19   1   2   0   6   0   4
    0   1   0   0   0   0   0   0   0]
 [  0   1   3   5  31   3 114   5   7   1   5   3  30   4   2   0   1   0
    2   0   0   0   0   0   0   0   0]
 [  0   1   1   2   4  32   2 171   1  18   3   4   2  30   1   6   0   2
    1   3   0   0   0   1   0   0   0]
 [  0   0   0   0   0   5  12   3 119   1   7   3   0   4  12   2   3   0
    0   0   0   1   0   0   0   0   0]
 [  0   0   0   5   0   7   3  15   3 161   3  15   2   6   1  18   0   1
    1   2   0   1   0   1   0   0   0]
 [  0   0   0   0   2   0   0   1  13   1 110   2   6   1   0   3  14   0
    0   0   0   0   0   0   0   0   0]
 [  0   0   0   0   0   7   2   6   2  25   1 183   3  16   1   2   4  24
    1   6   1   1   0   1   0   0   0]
 [  0   0   0   0   3   0   3   1   0   4  12   2 144   1   6   3   0  10
   17   2   1   0   1   1   0   0   0]
 [  0   0   0   1   0   2   0  16   2   6   2  30   0 180   3  24   1   4
    3  23   0   4   0   1   0   0   0]
 [  0   0   0   0   1   0   0   0   3   0   1   2   8   2 126   0   9   1
    2   7  22   1   3   0   0   0   0]
 [  0   0   0   0   0   1   0   0   3   8   0   7   2  13   1 156   2   4
    0   0   2  20   0   2   0   0   0]
 [  0   0   0   0   0   0   0   0   1   0   2   0   0   1   2   0  72   0
    2   0   0   0   0   1   1   0   0]
 [  0   0   0   0   0   1   0   0   0   1   0  11   3   4   0  13   0  83
    1   5   1   0   0   9   1   1   0]
 [  0   0   0   0   0   0   0   0   0   0   0   0   1   1   1   0   2   2
   42   0   2   0   0   2   0   0   0]
 [  0   0   0   0   0   0   0   0   0   1   1   0   1   5   0   4   0   9
    1  75   0  10   1   0   7   1   0]
 [  0   0   0   0   0   0   0   0   0   0   0   0   0   1   4   2   0   0
    0   0  35   0   0   0   0   0   0]
 [  0   0   0   0   0   0   0   0   0   0   0   1   0   1   0   2   0   0
    0   4   0  43   0   2   0   2   1]
 [  0   0   0   0   0   0   0   0   0   0   0   0   0   0   0   0   0   0
    0   0   0   0  20   0   0   0   0]
 [  0   0   0   0   0   0   0   0   0   0   0   0   0   0   0   0   0   3
    1   1   0   3   0  28   0   0   0]
 [  0   0   0   0   0   0   0   0   0   0   0   0   0   0   0   0   0   0
    0   1   0   1   0   1  19   0   0]
 [  0   0   0   0   0   0   0   0   0   0   0   0   0   0   0   0   0   0
    0   0   0   1   0   0   0   6   0]
 [  0   0   0   0   0   0   0   0   0   0   0   0   0   0   0   0   0   0
    0   0   0   0   0   0   0   0   1]]