[[  0   0   0   2   0   0   0   0   0   0   0   0   0   0   0   0   0   0
    0   0   0   0   0   0   0   0   0]
 [  0   0   0  26   0   0   3   0   0   0   0   0   0   0   0   0   0   1
    0   0   0   0   0   0   0   0   0]
 [  0   0   0   4  12   4   1   0   0   0   0   0   1   0   0   0   0   0
    0   0   0   0   0   0   0   0   0]
 [  0   0   0  69   0   1   7   0   0   0   0   5   7   1   0   0   0   0
    0   0   0   0   0   0   0   0   0]
 [  0   0   0  15  32   5  50   1   1   0   0   1  23   0   0   0   0   0
    0   0   0   0   0   0   0   0   0]
 [  0   0   0 100   5  46  10   7   1   0   0  18   5   6   1   0   0   2
    0   0   0   0   0   0   0   0   0]
 [  0   0   1  28  13   1  90   2  21   0   0  10  46   0   0   0   0   0
    0   0   0   0   0   0   0   0   0]
 [  0   0   2  70  18  76  18  38   8   0   0  13  25  23   1   1   0   9
    1   0   0   1   0   0   0   0   0]
 [  0   0   2   4   2  23  68  12  32   0   4   4  34   2   1   2   0   1
    0   0   0   0   0   0   0   0   0]
 [  0   0   0  66   1  18  11  31  23   0   0  27   8  36   0   0   0  18
    0   2   0   3   0   0   0   0   0]
 [  0   0   0  17  10   0  27   2  35   0   1   4  79   3   0   1   0   3
    0   0   0   0   0   0   0   0   0]
 [  0   0   0  83   1   9   9  31  29   0   0  52   9  28   2   4   0  37
    0   1   1   1   0   0   0   0   0]
 [  0   0   3  21  12   1  28   3  28   0   0  10  69   2   0   5   1   1
    0   1   1   0   0   0   0   0   0]
 [  0   0   2  42   1  19   1  17   1   0   0  37  18  41   2   3   0  57
    0   2   0  11   0   0   0   0   0]
 [  0   0   0   5   2   0  21   5  23   0   0  17  83   3   5   0   3   5
    0   1   6   0   0   0   0   0   0]
 [  0   0   0  16   1  18   2  13   5   0   0  24  15  49   2  13   0  45
    0   3   1  27   0   0   0   0   0]
 [  0   0   0   0   0   1   7   0  13   0   0   3  42   3   5   0   0   2
    0   1   5   2   0   0   0   0   0]
 [  0   0   0   8   0   3   1   2   0   0   0  29   5  20   1   0   0  34
    0   0   0  23   0   0   0   0   0]
 [  0   0   0   0   0   1   2   0   3   0   0   6  32   1   6   1   1   0
    0   1   5   3   0   0   0   0   0]
 [  0   0   0   6   0   1   1   0   2   0   0  16   1   5   2   1   0  42
    0   3   0  13   0   0   0   0   0]
 [  0   0   0   1   0   0   0   0   0   0   0   7  25   0   0   1   0   3
    0   3   0   0   0   0   0   0   0]
 [  0   0   0   0   0   1   0   0   0   0   0   3   1   2   0   1   0  23
    0   8   0  32   0   0   0   0   0]
 [  0   0   0   0   0   0   0   0   0   0   0   1  13   0   5   2   0   1
    0   3   3   0   0   0   0   0   0]
 [  0   0   0   0   0   0   0   0   0   0   0   1   0   3   1   0   0  10
    0   2   0  24   0   0   0   0   0]
 [  0   0   0   0   0   0   0   0   0   0   0   2   0   0   0   0   0  11
    0   0   0   8   0   0   0   0   0]
 [  0   0   0   0   0   0   0   0   0   0   0   0   1   0   0   0   0   2
    0   3   1   2   0   0   0   0   0]
 [  0   0   0   0   0   0   0   0   0   0   0   0   0   0   0   0   0   0
    0   0   0   2   0   0   0   0   0]]